"CO_MUN_GEO";"NO_MUN";"NO_MUN_MIN";"SG_UF"
"2515930";"SERTAOZINHO";"Sertãozinho";"PB"
"2515971";"SOBRADO";"Sobrado";"PB"
"2516003";"SOLANEA";"Solânea";"PB"
"2516102";"SOLEDADE";"Soledade";"PB"
"2516151";"SOSSEGO";"Sossêgo";"PB"
"2516201";"SOUSA";"Sousa";"PB"
"2516300";"SUME";"Sumé";"PB"
"2516409";"CAMPO DE SANTANA";"Campo de Santana";"PB"
"2516508";"TAPEROA";"Taperoá";"PB"
"2516607";"TAVARES";"Tavares";"PB"
"2516706";"TEIXEIRA";"Teixeira";"PB"
"2516755";"TENORIO";"Tenório";"PB"
"2516805";"TRIUNFO";"Triunfo";"PB"
"2516904";"UIRAUNA";"Uiraúna";"PB"
"2517001";"UMBUZEIRO";"Umbuzeiro";"PB"
"2517100";"VARZEA";"Várzea";"PB"
"2517209";"VIEIROPOLIS";"Vieirópolis";"PB"
"2517407";"ZABELE";"Zabelê";"PB"
"2600054";"ABREU E LIMA";"Abreu e Lima";"PE"
"2600104";"AFOGADOS DA INGAZEIRA";"Afogados da Ingazeira";"PE"
"2600203";"AFRANIO";"Afrânio";"PE"
"2600302";"AGRESTINA";"Agrestina";"PE"
"2600401";"AGUA PRETA";"Água Preta";"PE"
"2600500";"AGUAS BELAS";"Águas Belas";"PE"
"2600609";"ALAGOINHA";"Alagoinha";"PE"
"2600708";"ALIANCA";"Aliança";"PE"
"2600807";"ALTINHO";"Altinho";"PE"
"2600906";"AMARAJI";"Amaraji";"PE"
"2601003";"ANGELIM";"Angelim";"PE"
"2601052";"ARACOIABA";"Araçoiaba";"PE"
"2601102";"ARARIPINA";"Araripina";"PE"
"2601201";"ARCOVERDE";"Arcoverde";"PE"
"2601300";"BARRA DE GUABIRABA";"Barra de Guabiraba";"PE"
"2601409";"BARREIROS";"Barreiros";"PE"
"2601508";"BELEM DE MARIA";"Belém de Maria";"PE"
"2601607";"BELEM DE SAO FRANCISCO";"Belém de São Francisco";"PE"
"2601706";"BELO JARDIM";"Belo Jardim";"PE"
"2601805";"BETANIA";"Betânia";"PE"
"2601904";"BEZERROS";"Bezerros";"PE"
"2602001";"BODOCO";"Bodocó";"PE"
"2602100";"BOM CONSELHO";"Bom Conselho";"PE"
"2602209";"BOM JARDIM";"Bom Jardim";"PE"
"2602308";"BONITO";"Bonito";"PE"
"2602407";"BREJAO";"Brejão";"PE"
"2602506";"BREJINHO";"Brejinho";"PE"
"2602605";"BREJO DA MADRE DE DEUS";"Brejo da Madre de Deus";"PE"
"2602704";"BUENOS AIRES";"Buenos Aires";"PE"
"2602803";"BUIQUE";"Buíque";"PE"
"2602902";"CABO DE SANTO AGOSTINHO";"Cabo de Santo Agostinho";"PE"
"2603009";"CABROBO";"Cabrobó";"PE"
"2603108";"CACHOEIRINHA";"Cachoeirinha";"PE"
"2603207";"CAETES";"Caetés";"PE"
"2603306";"CALCADO";"Calçado";"PE"
"2603405";"CALUMBI";"Calumbi";"PE"
"2603454";"CAMARAGIBE";"Camaragibe";"PE"
"2603504";"CAMOCIM DE SAO FELIX";"Camocim de São Félix";"PE"
"2603603";"CAMUTANGA";"Camutanga";"PE"
"2603702";"CANHOTINHO";"Canhotinho";"PE"
"2603801";"CAPOEIRAS";"Capoeiras";"PE"
"2603900";"CARNAIBA";"Carnaíba";"PE"
"2603926";"CARNAUBEIRA DA PENHA";"Carnaubeira da Penha";"PE"
"2604007";"CARPINA";"Carpina";"PE"
"2604106";"CARUARU";"Caruaru";"PE"
"2604155";"CASINHAS";"Casinhas";"PE"
"2604205";"CATENDE";"Catende";"PE"
"2604304";"CEDRO";"Cedro";"PE"
"2604403";"CHA DE ALEGRIA";"Chã de Alegria";"PE"
"2604502";"CHA GRANDE";"Chã Grande";"PE"
"2604601";"CONDADO";"Condado";"PE"
"2604700";"CORRENTES";"Correntes";"PE"
"2604809";"CORTES";"Cortês";"PE"
"2604908";"CUMARU";"Cumaru";"PE"
"2605004";"CUPIRA";"Cupira";"PE"
"2605103";"CUSTODIA";"Custódia";"PE"
"2605152";"DORMENTES";"Dormentes";"PE"
"2605202";"ESCADA";"Escada";"PE"
"2605301";"EXU";"Exu";"PE"
"2605400";"FEIRA NOVA";"Feira Nova";"PE"
"2605459";"FERNANDO DE NORONHA";"Fernando de Noronha";"PE"
"2605509";"FERREIROS";"Ferreiros";"PE"
"2605608";"FLORES";"Flores";"PE"
"2605707";"FLORESTA";"Floresta";"PE"
"2605806";"FREI MIGUELINHO";"Frei Miguelinho";"PE"
"2605905";"GAMELEIRA";"Gameleira";"PE"
"2606002";"GARANHUNS";"Garanhuns";"PE"
"2606101";"GLORIA DO GOITA";"Glória do Goitá";"PE"
"2606200";"GOIANA";"Goiana";"PE"
"2606309";"GRANITO";"Granito";"PE"
"2606408";"GRAVATA";"Gravatá";"PE"
"2606507";"IATI";"Iati";"PE"
"2606606";"IBIMIRIM";"Ibimirim";"PE"
"2606705";"IBIRAJUBA";"Ibirajuba";"PE"
"2606804";"IGARASSU";"Igarassu";"PE"
"2606903";"IGUARACI";"Iguaraci";"PE"
"2607000";"INAJA";"Inajá";"PE"
"2607109";"INGAZEIRA";"Ingazeira";"PE"
"2607208";"IPOJUCA";"Ipojuca";"PE"
"2607307";"IPUBI";"Ipubi";"PE"
"2607406";"ITACURUBA";"Itacuruba";"PE"
"2607505";"ITAIBA";"Itaíba";"PE"
"2607604";"ILHA DE ITAMARACA";"Ilha de Itamaracá";"PE"
"2607653";"ITAMBE";"Itambé";"PE"
"2607703";"ITAPETIM";"Itapetim";"PE"
"2607752";"ITAPISSUMA";"Itapissuma";"PE"
"2607802";"ITAQUITINGA";"Itaquitinga";"PE"
"2607901";"JABOATAO DOS GUARARAPES";"Jaboatão dos Guararapes";"PE"
"2607950";"JAQUEIRA";"Jaqueira";"PE"
"2608008";"JATAUBA";"Jataúba";"PE"
"2608057";"JATOBA";"Jatobá";"PE"
"2608107";"JOAO ALFREDO";"João Alfredo";"PE"
"2608206";"JOAQUIM NABUCO";"Joaquim Nabuco";"PE"
"2608255";"JUCATI";"Jucati";"PE"
"2608305";"JUPI";"Jupi";"PE"
"2608404";"JUREMA";"Jurema";"PE"
"2608453";"LAGOA DO CARRO";"Lagoa do Carro";"PE"
"2608503";"LAGOA DO ITAENGA";"Lagoa do Itaenga";"PE"
"2608602";"LAGOA DO OURO";"Lagoa do Ouro";"PE"
"2608701";"LAGOA DOS GATOS";"Lagoa dos Gatos";"PE"
"2608750";"LAGOA GRANDE";"Lagoa Grande";"PE"
"2608800";"LAJEDO";"Lajedo";"PE"
"2608909";"LIMOEIRO";"Limoeiro";"PE"
"2609006";"MACAPARANA";"Macaparana";"PE"
"2609105";"MACHADOS";"Machados";"PE"
"2609154";"MANARI";"Manari";"PE"
"2609204";"MARAIAL";"Maraial";"PE"
"2609303";"MIRANDIBA";"Mirandiba";"PE"
"2609402";"MORENO";"Moreno";"PE"
"2609501";"NAZARE DA MATA";"Nazaré da Mata";"PE"
"2609600";"OLINDA";"Olinda";"PE"
"2609709";"OROBO";"Orobó";"PE"
"2609808";"OROCO";"Orocó";"PE"
"2609907";"OURICURI";"Ouricuri";"PE"
"2610004";"PALMARES";"Palmares";"PE"
"2610103";"PALMEIRINA";"Palmeirina";"PE"
"2610202";"PANELAS";"Panelas";"PE"
"2610301";"PARANATAMA";"Paranatama";"PE"
"2610400";"PARNAMIRIM";"Parnamirim";"PE"
"2610509";"PASSIRA";"Passira";"PE"
"2610608";"PAUDALHO";"Paudalho";"PE"
"2610707";"PAULISTA";"Paulista";"PE"
"2610806";"PEDRA";"Pedra";"PE"
"2610905";"PESQUEIRA";"Pesqueira";"PE"
"2611002";"PETROLANDIA";"Petrolândia";"PE"
"2611101";"PETROLINA";"Petrolina";"PE"
"2611200";"POCAO";"Poção";"PE"
"2611309";"POMBOS";"Pombos";"PE"
"2611408";"PRIMAVERA";"Primavera";"PE"
"2611507";"QUIPAPA";"Quipapá";"PE"
"2611533";"QUIXABA";"Quixaba";"PE"
"2611606";"RECIFE";"Recife";"PE"
"2611705";"RIACHO DAS ALMAS";"Riacho das Almas";"PE"
"2611804";"RIBEIRAO";"Ribeirão";"PE"
"2611903";"RIO FORMOSO";"Rio Formoso";"PE"
"2612000";"SAIRE";"Sairé";"PE"
"2612109";"SALGADINHO";"Salgadinho";"PE"
"2612208";"SALGUEIRO";"Salgueiro";"PE"
"2612307";"SALOA";"Saloá";"PE"
"2612406";"SANHARO";"Sanharó";"PE"
"2612455";"SANTA CRUZ";"Santa Cruz";"PE"
"2612471";"SANTA CRUZ DA BAIXA VERDE";"Santa Cruz da Baixa Verde";"PE"
"2612505";"SANTA CRUZ DO CAPIBARIBE";"Santa Cruz do Capibaribe";"PE"
"2612554";"SANTA FILOMENA";"Santa Filomena";"PE"
"2612604";"SANTA MARIA DA BOA VISTA";"Santa Maria da Boa Vista";"PE"
"2612703";"SANTA MARIA DO CAMBUCA";"Santa Maria do Cambucá";"PE"
"2612802";"SANTA TEREZINHA";"Santa Terezinha";"PE"
"2612901";"SAO BENEDITO DO SUL";"São Benedito do Sul";"PE"
"2613008";"SAO BENTO DO UNA";"São Bento do Una";"PE"
"2613107";"SAO CAITANO";"São Caitano";"PE"
"2613206";"SAO JOAO";"São João";"PE"
"2613305";"SAO JOAQUIM DO MONTE";"São Joaquim do Monte";"PE"
"2613404";"SAO JOSE DA COROA GRANDE";"São José da Coroa Grande";"PE"
"2613503";"SAO JOSE DO BELMONTE";"São José do Belmonte";"PE"
"2613602";"SAO JOSE DO EGITO";"São José do Egito";"PE"
"2613701";"SAO LOURENCO DA MATA";"São Lourenço da Mata";"PE"
"2613800";"SAO VICENTE FERRER";"São Vicente Ferrer";"PE"
"2613909";"SERRA TALHADA";"Serra Talhada";"PE"
"2614006";"SERRITA";"Serrita";"PE"
"2614105";"SERTANIA";"Sertânia";"PE"
"2614204";"SIRINHAEM";"Sirinhaém";"PE"
"2614303";"MOREILANDIA";"Moreilândia";"PE"
"2614402";"SOLIDAO";"Solidão";"PE"
"2614501";"SURUBIM";"Surubim";"PE"
"2614600";"TABIRA";"Tabira";"PE"
"2614709";"TACAIMBO";"Tacaimbó";"PE"
"2614808";"TACARATU";"Tacaratu";"PE"
"2614857";"TAMANDARE";"Tamandaré";"PE"
"2615003";"TAQUARITINGA DO NORTE";"Taquaritinga do Norte";"PE"
"2615102";"TEREZINHA";"Terezinha";"PE"
"2615201";"TERRA NOVA";"Terra Nova";"PE"
"2615300";"TIMBAUBA";"Timbaúba";"PE"
"2615409";"TORITAMA";"Toritama";"PE"
"2906600";"CANDIBA";"Candiba";"BA"
"2906709";"CANDIDO SALES";"Cândido Sales";"BA"
"2906808";"CANSANCAO";"Cansanção";"BA"
"2906824";"CANUDOS";"Canudos";"BA"
"2906857";"CAPELA DO ALTO ALEGRE";"Capela do Alto Alegre";"BA"
"2906873";"CAPIM GROSSO";"Capim Grosso";"BA"
"2906899";"CARAIBAS";"Caraíbas";"BA"
"3162807";"SAO JOAO EVANGELISTA";"São João Evangelista";"MG"
"3162906";"SAO JOAO NEPOMUCENO";"São João Nepomuceno";"MG"
"3162922";"SAO JOAQUIM DE BICAS";"São Joaquim de Bicas";"MG"
"3162948";"SAO JOSE DA BARRA";"São José da Barra";"MG"
"3162955";"SAO JOSE DA LAPA";"São José da Lapa";"MG"
"3163003";"SAO JOSE DA SAFIRA";"São José da Safira";"MG"
"3163102";"SAO JOSE DA VARGINHA";"São José da Varginha";"MG"
"3163201";"SAO JOSE DO ALEGRE";"São José do Alegre";"MG"
"3163300";"SAO JOSE DO DIVINO";"São José do Divino";"MG"
"3163409";"SAO JOSE DO GOIABAL";"São José do Goiabal";"MG"
"3163508";"SAO JOSE DO JACURI";"São José do Jacuri";"MG"
"3163607";"SAO JOSE DO MANTIMENTO";"São José do Mantimento";"MG"
"3163706";"SAO LOURENCO";"São Lourenço";"MG"
"3163805";"SAO MIGUEL DO ANTA";"São Miguel do Anta";"MG"
"3163904";"SAO PEDRO DA UNIAO";"São Pedro da União";"MG"
"3164001";"SAO PEDRO DOS FERROS";"São Pedro dos Ferros";"MG"
"3164100";"SAO PEDRO DO SUACUI";"São Pedro do Suaçuí";"MG"
"3164209";"SAO ROMAO";"São Romão";"MG"
"3164308";"SAO ROQUE DE MINAS";"São Roque de Minas";"MG"
"3164407";"SAO SEBASTIAO DA BELA VISTA";"São Sebastião da Bela Vista";"MG"
"3164431";"SAO SEBASTIAO DA VARGEM ALEGRE";"São Sebastião da Vargem Alegre";"MG"
"3164472";"SAO SEBASTIAO DO ANTA";"São Sebastião do Anta";"MG"
"3164506";"SAO SEBASTIAO DO MARANHAO";"São Sebastião do Maranhão";"MG"
"3164605";"SAO SEBASTIAO DO OESTE";"São Sebastião do Oeste";"MG"
"3164704";"SAO SEBASTIAO DO PARAISO";"São Sebastião do Paraíso";"MG"
"3164803";"SAO SEBASTIAO DO RIO PRETO";"São Sebastião do Rio Preto";"MG"
"3164902";"SAO SEBASTIAO DO RIO VERDE";"São Sebastião do Rio Verde";"MG"
"3165008";"SAO TIAGO";"São Tiago";"MG"
"3165107";"SAO TOMAS DE AQUINO";"São Tomás de Aquino";"MG"
"3165206";"SAO THOME DAS LETRAS";"São Thomé das Letras";"MG"
"3165305";"SAO VICENTE DE MINAS";"São Vicente de Minas";"MG"
"3165404";"SAPUCAI-MIRIM";"Sapucaí-Mirim";"MG"
"3165503";"SARDOA";"Sardoá";"MG"
"3165537";"SARZEDO";"Sarzedo";"MG"
"3165552";"SETUBINHA";"Setubinha";"MG"
"3165560";"SEM-PEIXE";"Sem-Peixe";"MG"
"3165578";"SENADOR AMARAL";"Senador Amaral";"MG"
"3165602";"SENADOR CORTES";"Senador Cortes";"MG"
"3165701";"SENADOR FIRMINO";"Senador Firmino";"MG"
"3165800";"SENADOR JOSE BENTO";"Senador José Bento";"MG"
"3165909";"SENADOR MODESTINO GONCALVES";"Senador Modestino Gonçalves";"MG"
"3166006";"SENHORA DE OLIVEIRA";"Senhora de Oliveira";"MG"
"3166105";"SENHORA DO PORTO";"Senhora do Porto";"MG"
"3166204";"SENHORA DOS REMEDIOS";"Senhora dos Remédios";"MG"
"3166303";"SERICITA";"Sericita";"MG"
"3166402";"SERITINGA";"Seritinga";"MG"
"3166501";"SERRA AZUL DE MINAS";"Serra Azul de Minas";"MG"
"3166600";"SERRA DA SAUDADE";"Serra da Saudade";"MG"
"3166709";"SERRA DOS AIMORES";"Serra dos Aimorés";"MG"
"3166808";"SERRA DO SALITRE";"Serra do Salitre";"MG"
"3166907";"SERRANIA";"Serrania";"MG"
"3166956";"SERRANOPOLIS DE MINAS";"Serranópolis de Minas";"MG"
"3167004";"SERRANOS";"Serranos";"MG"
"3167103";"SERRO";"Serro";"MG"
"3167202";"SETE LAGOAS";"Sete Lagoas";"MG"
"3167301";"SILVEIRANIA";"Silveirânia";"MG"
"3167400";"SILVIANOPOLIS";"Silvianópolis";"MG"
"3167509";"SIMAO PEREIRA";"Simão Pereira";"MG"
"3167608";"SIMONESIA";"Simonésia";"MG"
"3167707";"SOBRALIA";"Sobrália";"MG"
"3167806";"SOLEDADE DE MINAS";"Soledade de Minas";"MG"
"3167905";"TABULEIRO";"Tabuleiro";"MG"
"3168002";"TAIOBEIRAS";"Taiobeiras";"MG"
"3168051";"TAPARUBA";"Taparuba";"MG"
"3168101";"TAPIRA";"Tapira";"MG"
"3168200";"TAPIRAI";"Tapiraí";"MG"
"3168309";"TAQUARACU DE MINAS";"Taquaraçu de Minas";"MG"
"3168408";"TARUMIRIM";"Tarumirim";"MG"
"3168507";"TEIXEIRAS";"Teixeiras";"MG"
"3168606";"TEOFILO OTONI";"Teófilo Otoni";"MG"
"3168705";"TIMOTEO";"Timóteo";"MG"
"3168804";"TIRADENTES";"Tiradentes";"MG"
"3168903";"TIROS";"Tiros";"MG"
"3169000";"TOCANTINS";"Tocantins";"MG"
"3169059";"TOCOS DO MOJI";"Tocos do Moji";"MG"
"3169109";"TOLEDO";"Toledo";"MG"
"3169208";"TOMBOS";"Tombos";"MG"
"3169307";"TRES CORACOES";"Três Corações";"MG"
"3169356";"TRES MARIAS";"Três Marias";"MG"
"3119401";"CORONEL FABRICIANO";"Coronel Fabriciano";"MG"
"3119500";"CORONEL MURTA";"Coronel Murta";"MG"
"3119609";"CORONEL PACHECO";"Coronel Pacheco";"MG"
"3119708";"CORONEL XAVIER CHAVES";"Coronel Xavier Chaves";"MG"
"3119807";"CORREGO DANTA";"Córrego Danta";"MG"
"3119906";"CORREGO DO BOM JESUS";"Córrego do Bom Jesus";"MG"
"3119955";"CORREGO FUNDO";"Córrego Fundo";"MG"
"3120003";"CORREGO NOVO";"Córrego Novo";"MG"
"3120102";"COUTO DE MAGALHAES DE MINAS";"Couto de Magalhães de Minas";"MG"
"3120151";"CRISOLITA";"Crisólita";"MG"
"3120201";"CRISTAIS";"Cristais";"MG"
"3120300";"CRISTALIA";"Cristália";"MG"
"3120409";"CRISTIANO OTONI";"Cristiano Otoni";"MG"
"3120508";"CRISTINA";"Cristina";"MG"
"3120607";"CRUCILANDIA";"Crucilândia";"MG"
"3120706";"CRUZEIRO DA FORTALEZA";"Cruzeiro da Fortaleza";"MG"
"3120805";"CRUZILIA";"Cruzília";"MG"
"3120839";"CUPARAQUE";"Cuparaque";"MG"
"3120870";"CURRAL DE DENTRO";"Curral de Dentro";"MG"
"3120904";"CURVELO";"Curvelo";"MG"
"3121001";"DATAS";"Datas";"MG"
"3121100";"DELFIM MOREIRA";"Delfim Moreira";"MG"
"3121209";"DELFINOPOLIS";"Delfinópolis";"MG"
"3121258";"DELTA";"Delta";"MG"
"3121308";"DESCOBERTO";"Descoberto";"MG"
"3121407";"DESTERRO DE ENTRE RIOS";"Desterro de Entre Rios";"MG"
"3121506";"DESTERRO DO MELO";"Desterro do Melo";"MG"
"3121605";"DIAMANTINA";"Diamantina";"MG"
"3121704";"DIOGO DE VASCONCELOS";"Diogo de Vasconcelos";"MG"
"3121803";"DIONISIO";"Dionísio";"MG"
"3121902";"DIVINESIA";"Divinésia";"MG"
"3122009";"DIVINO";"Divino";"MG"
"3122108";"DIVINO DAS LARANJEIRAS";"Divino das Laranjeiras";"MG"
"3122207";"DIVINOLANDIA DE MINAS";"Divinolândia de Minas";"MG"
"3122306";"DIVINOPOLIS";"Divinópolis";"MG"
"3122355";"DIVISA ALEGRE";"Divisa Alegre";"MG"
"3122405";"DIVISA NOVA";"Divisa Nova";"MG"
"3122454";"DIVISOPOLIS";"Divisópolis";"MG"
"3122470";"DOM BOSCO";"Dom Bosco";"MG"
"3122504";"DOM CAVATI";"Dom Cavati";"MG"
"3122603";"DOM JOAQUIM";"Dom Joaquim";"MG"
"3122702";"DOM SILVERIO";"Dom Silvério";"MG"
"3122801";"DOM VICOSO";"Dom Viçoso";"MG"
"3122900";"DONA EUSEBIA";"Dona Eusébia";"MG"
"3123007";"DORES DE CAMPOS";"Dores de Campos";"MG"
"3123106";"DORES DE GUANHAES";"Dores de Guanhães";"MG"
"3123205";"DORES DO INDAIA";"Dores do Indaiá";"MG"
"3123304";"DORES DO TURVO";"Dores do Turvo";"MG"
"3123403";"DORESOPOLIS";"Doresópolis";"MG"
"3123502";"DOURADOQUARA";"Douradoquara";"MG"
"3123528";"DURANDE";"Durandé";"MG"
"3123601";"ELOI MENDES";"Elói Mendes";"MG"
"3123700";"ENGENHEIRO CALDAS";"Engenheiro Caldas";"MG"
"3123809";"ENGENHEIRO NAVARRO";"Engenheiro Navarro";"MG"
"3123858";"ENTRE FOLHAS";"Entre Folhas";"MG"
"3123908";"ENTRE RIOS DE MINAS";"Entre Rios de Minas";"MG"
"3124005";"ERVALIA";"Ervália";"MG"
"3124104";"ESMERALDAS";"Esmeraldas";"MG"
"3124203";"ESPERA FELIZ";"Espera Feliz";"MG"
"3124302";"ESPINOSA";"Espinosa";"MG"
"3124401";"ESPIRITO SANTO DO DOURADO";"Espírito Santo do Dourado";"MG"
"3124500";"ESTIVA";"Estiva";"MG"
"3124609";"ESTRELA DALVA";"Estrela Dalva";"MG"
"3124708";"ESTRELA DO INDAIA";"Estrela do Indaiá";"MG"
"3124807";"ESTRELA DO SUL";"Estrela do Sul";"MG"
"3124906";"EUGENOPOLIS";"Eugenópolis";"MG"
"3125002";"EWBANK DA CAMARA";"Ewbank da Câmara";"MG"
"3125101";"EXTREMA";"Extrema";"MG"
"3125200";"FAMA";"Fama";"MG"
"3125309";"FARIA LEMOS";"Faria Lemos";"MG"
"3125408";"FELICIO DOS SANTOS";"Felício dos Santos";"MG"
"3125507";"SAO GONCALO DO RIO PRETO";"São Gonçalo do Rio Preto";"MG"
"3141207";"MATUTINA";"Matutina";"MG"
"3141306";"MEDEIROS";"Medeiros";"MG"
"3141405";"MEDINA";"Medina";"MG"
"3141504";"MENDES PIMENTEL";"Mendes Pimentel";"MG"
"3141603";"MERCES";"Mercês";"MG"
"3141702";"MESQUITA";"Mesquita";"MG"
"3141801";"MINAS NOVAS";"Minas Novas";"MG"
"3141900";"MINDURI";"Minduri";"MG"
"3142007";"MIRABELA";"Mirabela";"MG"
"3142106";"MIRADOURO";"Miradouro";"MG"
"3142205";"MIRAI";"Miraí";"MG"
"3142254";"MIRAVANIA";"Miravânia";"MG"
"3142304";"MOEDA";"Moeda";"MG"
"3142403";"MOEMA";"Moema";"MG"
"3142502";"MONJOLOS";"Monjolos";"MG"
"3142601";"MONSENHOR PAULO";"Monsenhor Paulo";"MG"
"3142700";"MONTALVANIA";"Montalvânia";"MG"
"3142809";"MONTE ALEGRE DE MINAS";"Monte Alegre de Minas";"MG"
"3142908";"MONTE AZUL";"Monte Azul";"MG"
"3143005";"MONTE BELO";"Monte Belo";"MG"
"3143104";"MONTE CARMELO";"Monte Carmelo";"MG"
"3143153";"MONTE FORMOSO";"Monte Formoso";"MG"
"3143203";"MONTE SANTO DE MINAS";"Monte Santo de Minas";"MG"
"3143302";"MONTES CLAROS";"Montes Claros";"MG"
"3143401";"MONTE SIAO";"Monte Sião";"MG"
"3143450";"MONTEZUMA";"Montezuma";"MG"
"3143500";"MORADA NOVA DE MINAS";"Morada Nova de Minas";"MG"
"3143609";"MORRO DA GARCA";"Morro da Garça";"MG"
"3143708";"MORRO DO PILAR";"Morro do Pilar";"MG"
"3143807";"MUNHOZ";"Munhoz";"MG"
"3143906";"MURIAE";"Muriaé";"MG"
"3144003";"MUTUM";"Mutum";"MG"
"3144102";"MUZAMBINHO";"Muzambinho";"MG"
"3144201";"NACIP RAYDAN";"Nacip Raydan";"MG"
"3144300";"NANUQUE";"Nanuque";"MG"
"3144359";"NAQUE";"Naque";"MG"
"3144375";"NATALANDIA";"Natalândia";"MG"
"3144409";"NATERCIA";"Natércia";"MG"
"3144508";"NAZARENO";"Nazareno";"MG"
"3144607";"NEPOMUCENO";"Nepomuceno";"MG"
"3144656";"NINHEIRA";"Ninheira";"MG"
"3144672";"NOVA BELEM";"Nova Belém";"MG"
"3144706";"NOVA ERA";"Nova Era";"MG"
"3144805";"NOVA LIMA";"Nova Lima";"MG"
"3144904";"NOVA MODICA";"Nova Módica";"MG"
"3145000";"NOVA PONTE";"Nova Ponte";"MG"
"3145059";"NOVA PORTEIRINHA";"Nova Porteirinha";"MG"
"3145109";"NOVA RESENDE";"Nova Resende";"MG"
"3145208";"NOVA SERRANA";"Nova Serrana";"MG"
"3145307";"NOVO CRUZEIRO";"Novo Cruzeiro";"MG"
"3145356";"NOVO ORIENTE DE MINAS";"Novo Oriente de Minas";"MG"
"3145372";"NOVORIZONTE";"Novorizonte";"MG"
"3145406";"OLARIA";"Olaria";"MG"
"3145455";"OLHOS-D'AGUA";"Olhos-d'Água";"MG"
"2502003";"BELEM DO BREJO DO CRUZ";"Belém do Brejo do Cruz";"PB"
"2502052";"BERNARDINO BATISTA";"Bernardino Batista";"PB"
"2502102";"BOA VENTURA";"Boa Ventura";"PB"
"2502151";"BOA VISTA";"Boa Vista";"PB"
"2502201";"BOM JESUS";"Bom Jesus";"PB"
"2502300";"BOM SUCESSO";"Bom Sucesso";"PB"
"2502409";"BONITO DE SANTA FE";"Bonito de Santa Fé";"PB"
"2502508";"BOQUEIRAO";"Boqueirão";"PB"
"2502607";"IGARACY";"Igaracy";"PB"
"2502706";"BORBOREMA";"Borborema";"PB"
"2502805";"BREJO DO CRUZ";"Brejo do Cruz";"PB"
"2502904";"BREJO DOS SANTOS";"Brejo dos Santos";"PB"
"2503001";"CAAPORA";"Caaporã";"PB"
"2503100";"CABACEIRAS";"Cabaceiras";"PB"
"2503209";"CABEDELO";"Cabedelo";"PB"
"2503308";"CACHOEIRA DOS INDIOS";"Cachoeira dos Índios";"PB"
"2503407";"CACIMBA DE AREIA";"Cacimba de Areia";"PB"
"2503506";"CACIMBA DE DENTRO";"Cacimba de Dentro";"PB"
"2503555";"CACIMBAS";"Cacimbas";"PB"
"2503605";"CAICARA";"Caiçara";"PB"
"2503704";"CAJAZEIRAS";"Cajazeiras";"PB"
"2503753";"CAJAZEIRINHAS";"Cajazeirinhas";"PB"
"2503803";"CALDAS BRANDAO";"Caldas Brandão";"PB"
"2503902";"CAMALAU";"Camalaú";"PB"
"2504009";"CAMPINA GRANDE";"Campina Grande";"PB"
"2504033";"CAPIM";"Capim";"PB"
"2504074";"CARAUBAS";"Caraúbas";"PB"
"2504108";"CARRAPATEIRA";"Carrapateira";"PB"
"2504157";"CASSERENGUE";"Casserengue";"PB"
"2504207";"CATINGUEIRA";"Catingueira";"PB"
"2504306";"CATOLE DO ROCHA";"Catolé do Rocha";"PB"
"2504355";"CATURITE";"Caturité";"PB"
"2504405";"CONCEICAO";"Conceição";"PB"
"2504504";"CONDADO";"Condado";"PB"
"2504603";"CONDE";"Conde";"PB"
"2504702";"CONGO";"Congo";"PB"
"2504801";"COREMAS";"Coremas";"PB"
"2504850";"COXIXOLA";"Coxixola";"PB"
"2504900";"CRUZ DO ESPIRITO SANTO";"Cruz do Espírito Santo";"PB"
"2505006";"CUBATI";"Cubati";"PB"
"2505105";"CUITE";"Cuité";"PB"
"2505204";"CUITEGI";"Cuitegi";"PB"
"2505238";"CUITE DE MAMANGUAPE";"Cuité de Mamanguape";"PB"
"2505279";"CURRAL DE CIMA";"Curral de Cima";"PB"
"2505303";"CURRAL VELHO";"Curral Velho";"PB"
"2505352";"DAMIAO";"Damião";"PB"
"2505402";"DESTERRO";"Desterro";"PB"
"2505501";"VISTA SERRANA";"Vista Serrana";"PB"
"2505600";"DIAMANTE";"Diamante";"PB"
"2505709";"DONA INES";"Dona Inês";"PB"
"2505808";"DUAS ESTRADAS";"Duas Estradas";"PB"
"2505907";"EMAS";"Emas";"PB"
"2506004";"ESPERANCA";"Esperança";"PB"
"2506103";"FAGUNDES";"Fagundes";"PB"
"2506202";"FREI MARTINHO";"Frei Martinho";"PB"
"2506251";"GADO BRAVO";"Gado Bravo";"PB"
"2506301";"GUARABIRA";"Guarabira";"PB"
"2506400";"GURINHEM";"Gurinhém";"PB"
"2506509";"GURJAO";"Gurjão";"PB"
"2506608";"IBIARA";"Ibiara";"PB"
"2506707";"IMACULADA";"Imaculada";"PB"
"2506806";"INGA";"Ingá";"PB"
"2506905";"ITABAIANA";"Itabaiana";"PB"
"2507002";"ITAPORANGA";"Itaporanga";"PB"
"2507101";"ITAPOROROCA";"Itapororoca";"PB"
"2507200";"ITATUBA";"Itatuba";"PB"
"2507309";"JACARAU";"Jacaraú";"PB"
"2507408";"JERICO";"Jericó";"PB"
"2507507";"JOAO PESSOA";"João Pessoa";"PB"
"2507606";"JUAREZ TAVORA";"Juarez Távora";"PB"
"2507705";"JUAZEIRINHO";"Juazeirinho";"PB"
"2507804";"JUNCO DO SERIDO";"Junco do Seridó";"PB"
"2507903";"JURIPIRANGA";"Juripiranga";"PB"
"2508000";"JURU";"Juru";"PB"
"2508109";"LAGOA";"Lagoa";"PB"
"2508208";"LAGOA DE DENTRO";"Lagoa de Dentro";"PB"
"2508307";"LAGOA SECA";"Lagoa Seca";"PB"
"2508406";"LASTRO";"Lastro";"PB"
"2508505";"LIVRAMENTO";"Livramento";"PB"
"2508554";"LOGRADOURO";"Logradouro";"PB"
"2508604";"LUCENA";"Lucena";"PB"
"2508703";"MAE D'AGUA";"Mãe d'Água";"PB"
"2508802";"MALTA";"Malta";"PB"
"2508901";"MAMANGUAPE";"Mamanguape";"PB"
"2509008";"MANAIRA";"Manaíra";"PB"
"2509057";"MARCACAO";"Marcação";"PB"
"2509107";"MARI";"Mari";"PB"
"2509156";"MARIZOPOLIS";"Marizópolis";"PB"
"2509206";"MASSARANDUBA";"Massaranduba";"PB"
"2509305";"MATARACA";"Mataraca";"PB"
"2509339";"MATINHAS";"Matinhas";"PB"
"2509370";"MATO GROSSO";"Mato Grosso";"PB"
"2509396";"MATUREIA";"Maturéia";"PB"
"2509404";"MOGEIRO";"Mogeiro";"PB"
"2509503";"MONTADAS";"Montadas";"PB"
"2509602";"MONTE HOREBE";"Monte Horebe";"PB"
"2509701";"MONTEIRO";"Monteiro";"PB"
"2509800";"MULUNGU";"Mulungu";"PB"
"2509909";"NATUBA";"Natuba";"PB"
"2510006";"NAZAREZINHO";"Nazarezinho";"PB"
"2510105";"NOVA FLORESTA";"Nova Floresta";"PB"
"2510204";"NOVA OLINDA";"Nova Olinda";"PB"
"2510303";"NOVA PALMEIRA";"Nova Palmeira";"PB"
"2510402";"OLHO D'AGUA";"Olho d'Água";"PB"
"2510501";"OLIVEDOS";"Olivedos";"PB"
"2510600";"OURO VELHO";"Ouro Velho";"PB"
"2510659";"PARARI";"Parari";"PB"
"2510709";"PASSAGEM";"Passagem";"PB"
"2510808";"PATOS";"Patos";"PB"
"2510907";"PAULISTA";"Paulista";"PB"
"2511004";"PEDRA BRANCA";"Pedra Branca";"PB"
"2511103";"PEDRA LAVRADA";"Pedra Lavrada";"PB"
"2511202";"PEDRAS DE FOGO";"Pedras de Fogo";"PB"
"2511301";"PIANCO";"Piancó";"PB"
"2511400";"PICUI";"Picuí";"PB"
"2511509";"PILAR";"Pilar";"PB"
"2511608";"PILOES";"Pilões";"PB"
"2511707";"PILOEZINHOS";"Pilõezinhos";"PB"
"2511806";"PIRPIRITUBA";"Pirpirituba";"PB"
"2511905";"PITIMBU";"Pitimbu";"PB"
"2512002";"POCINHOS";"Pocinhos";"PB"
"2512036";"POCO DANTAS";"Poço Dantas";"PB"
"2512077";"POCO DE JOSE DE MOURA";"Poço de José de Moura";"PB"
"2512101";"POMBAL";"Pombal";"PB"
"2512200";"PRATA";"Prata";"PB"
"2512309";"PRINCESA ISABEL";"Princesa Isabel";"PB"
"2512408";"PUXINANA";"Puxinanã";"PB"
"2512507";"QUEIMADAS";"Queimadas";"PB"
"2512606";"QUIXABA";"Quixabá";"PB"
"2512705";"REMIGIO";"Remígio";"PB"
"2512721";"PEDRO REGIS";"Pedro Régis";"PB"
"2512747";"RIACHAO";"Riachão";"PB"
"2512754";"RIACHAO DO BACAMARTE";"Riachão do Bacamarte";"PB"
"2512762";"RIACHAO DO POCO";"Riachão do Poço";"PB"
"2512788";"RIACHO DE SANTO ANTONIO";"Riacho de Santo Antônio";"PB"
"2512804";"RIACHO DOS CAVALOS";"Riacho dos Cavalos";"PB"
"2512903";"RIO TINTO";"Rio Tinto";"PB"
"2513000";"SALGADINHO";"Salgadinho";"PB"
"2513109";"SALGADO DE SAO FELIX";"Salgado de São Félix";"PB"
"2513158";"SANTA CECILIA";"Santa Cecília";"PB"
"2513208";"SANTA CRUZ";"Santa Cruz";"PB"
"2513307";"SANTA HELENA";"Santa Helena";"PB"
"2513356";"SANTA INES";"Santa Inês";"PB"
"2513406";"SANTA LUZIA";"Santa Luzia";"PB"
"2513505";"SANTANA DE MANGUEIRA";"Santana de Mangueira";"PB"
"2513604";"SANTANA DOS GARROTES";"Santana dos Garrotes";"PB"
"2513653";"SANTAREM";"Santarém";"PB"
"2513703";"SANTA RITA";"Santa Rita";"PB"
"2513802";"SANTA TERESINHA";"Santa Teresinha";"PB"
"2513851";"SANTO ANDRE";"Santo André";"PB"
"2513901";"SAO BENTO";"São Bento";"PB"
"2513927";"SAO BENTINHO";"São Bentinho";"PB"
"2513943";"SAO DOMINGOS DO CARIRI";"São Domingos do Cariri";"PB"
"2513968";"SAO DOMINGOS DE POMBAL";"São Domingos de Pombal";"PB"
"2513984";"SAO FRANCISCO";"São Francisco";"PB"
"2514008";"SAO JOAO DO CARIRI";"São João do Cariri";"PB"
"2514107";"SAO JOAO DO TIGRE";"São João do Tigre";"PB"
"2514206";"SAO JOSE DA LAGOA TAPADA";"São José da Lagoa Tapada";"PB"
"2514305";"SAO JOSE DE CAIANA";"São José de Caiana";"PB"
"2514404";"SAO JOSE DE ESPINHARAS";"São José de Espinharas";"PB"
"2514453";"SAO JOSE DOS RAMOS";"São José dos Ramos";"PB"
"2514503";"SAO JOSE DE PIRANHAS";"São José de Piranhas";"PB"
"2514552";"SAO JOSE DE PRINCESA";"São José de Princesa";"PB"
"2514602";"SAO JOSE DO BONFIM";"São José do Bonfim";"PB"
"2514651";"SAO JOSE DO BREJO DO CRUZ";"São José do Brejo do Cruz";"PB"
"2514701";"SAO JOSE DO SABUGI";"São José do Sabugi";"PB"
"2514800";"SAO JOSE DOS CORDEIROS";"São José dos Cordeiros";"PB"
"2514909";"SAO MAMEDE";"São Mamede";"PB"
"2515005";"SAO MIGUEL DE TAIPU";"São Miguel de Taipu";"PB"
"2515104";"SAO SEBASTIAO DE LAGOA DE ROCA";"São Sebastião da Lagoa de Roça";"PB"
"2515203";"SAO SEBASTIAO DO UMBUZEIRO";"São Sebastião do Umbuzeiro";"PB"
"2515302";"SAPE";"Sapé";"PB"
"2515401";"SERIDO";"Seridó";"PB"
"2515500";"SERRA BRANCA";"Serra Branca";"PB"
"2515609";"SERRA DA RAIZ";"Serra da Raiz";"PB"
"2515708";"SERRA GRANDE";"Serra Grande";"PB"
"2515807";"SERRA REDONDA";"Serra Redonda";"PB"
"2515906";"SERRARIA";"Serraria";"PB"
"3437404";"PEREIRA BARRETO";"Pereira Barreto";"SP"
"3437503";"PEREIRAS";"Pereiras";"SP"
"3437602";"PERUIBE";"Peruíbe";"SP"
"3437701";"PIACATU";"Piacatu";"SP"
"3437800";"PIEDADE";"Piedade";"SP"
"3437909";"PILAR DO SUL";"Pilar do Sul";"SP"
"3438006";"PINDAMONHANGABA";"Pindamonhangaba";"SP"
"3438105";"PINDORAMA";"Pindorama";"SP"
"3438204";"PINHALZINHO";"Pinhalzinho";"SP"
"3438303";"PIQUEROBI";"Piquerobi";"SP"
"3438501";"PIQUETE";"Piquete";"SP"
"3438600";"PIRACAIA";"Piracaia";"SP"
"3438709";"PIRACICABA";"Piracicaba";"SP"
"3438808";"PIRAJU";"Piraju";"SP"
"3438907";"PIRAJUI";"Pirajuí";"SP"
"3439004";"PIRANGI";"Pirangi";"SP"
"3439103";"PIRAPORA DO BOM JESUS";"Pirapora do Bom Jesus";"SP"
"3439202";"PIRAPOZINHO";"Pirapozinho";"SP"
"3439301";"PIRASSUNUNGA";"Pirassununga";"SP"
"3439400";"PIRATININGA";"Piratininga";"SP"
"3439509";"PITANGUEIRAS";"Pitangueiras";"SP"
"3439608";"PLANALTO";"Planalto";"SP"
"3439707";"PLATINA";"Platina";"SP"
"3439806";"POA";"Poá";"SP"
"3439905";"POLONI";"Poloni";"SP"
"3440002";"POMPEIA";"Pompéia";"SP"
"3440101";"PONGAI";"Pongaí";"SP"
"3440200";"PONTAL";"Pontal";"SP"
"3440259";"PONTALINDA";"Pontalinda";"SP"
"3440309";"PONTES GESTAL";"Pontes Gestal";"SP"
"3440408";"POPULINA";"Populina";"SP"
"3440507";"PORANGABA";"Porangaba";"SP"
"3440606";"PORTO FELIZ";"Porto Feliz";"SP"
"3440705";"PORTO FERREIRA";"Porto Ferreira";"SP"
"3440754";"POTIM";"Potim";"SP"
"3440804";"POTIRENDABA";"Potirendaba";"SP"
"3440853";"PRACINHA";"Pracinha";"SP"
"3440903";"PRADOPOLIS";"Pradópolis";"SP"
"3441000";"PRAIA GRANDE";"Praia Grande";"SP"
"3441059";"PRATANIA";"Pratânia";"SP"
"3441109";"PRESIDENTE ALVES";"Presidente Alves";"SP"
"3441208";"PRESIDENTE BERNARDES";"Presidente Bernardes";"SP"
"3441307";"PRESIDENTE EPITACIO";"Presidente Epitácio";"SP"
"3441406";"PRESIDENTE PRUDENTE";"Presidente Prudente";"SP"
"3441505";"PRESIDENTE VENCESLAU";"Presidente Venceslau";"SP"
"3441604";"PROMISSAO";"Promissão";"SP"
"3441653";"QUADRA";"Quadra";"SP"
"3441703";"QUATA";"Quatá";"SP"
"3441802";"QUEIROZ";"Queiroz";"SP"
"3441901";"QUELUZ";"Queluz";"SP"
"3442008";"QUINTANA";"Quintana";"SP"
"3442107";"RAFARD";"Rafard";"SP"
"3442206";"RANCHARIA";"Rancharia";"SP"
"3442305";"REDENCAO DA SERRA";"Redenção da Serra";"SP"
"3442404";"REGENTE FEIJO";"Regente Feijó";"SP"
"3442503";"REGINOPOLIS";"Reginópolis";"SP"
"3442602";"REGISTRO";"Registro";"SP"
"3442701";"RESTINGA";"Restinga";"SP"
"3442800";"RIBEIRA";"Ribeira";"SP"
"3442909";"RIBEIRAO BONITO";"Ribeirão Bonito";"SP"
"3443006";"RIBEIRAO BRANCO";"Ribeirão Branco";"SP"
"3443105";"RIBEIRAO CORRENTE";"Ribeirão Corrente";"SP"
"3443204";"RIBEIRAO DO SUL";"Ribeirão do Sul";"SP"
"3443238";"RIBEIRAO DOS INDIOS";"Ribeirão dos Índios";"SP"
"3443253";"RIBEIRAO GRANDE";"Ribeirão Grande";"SP"
"3443303";"RIBEIRAO PIRES";"Ribeirão Pires";"SP"
"3443402";"RIBEIRAO PRETO";"Ribeirão Preto";"SP"
"3443501";"RIVERSUL";"Riversul";"SP"
"3443600";"RIFAINA";"Rifaina";"SP"
"3443709";"RINCAO";"Rincão";"SP"
"3443808";"RINOPOLIS";"Rinópolis";"SP"
"3443907";"RIO CLARO";"Rio Claro";"SP"
"3444004";"RIO DAS PEDRAS";"Rio das Pedras";"SP"
"3444103";"RIO GRANDE DA SERRA";"Rio Grande da Serra";"SP"
"3444202";"RIOLANDIA";"Riolândia";"SP"
"3444251";"ROSANA";"Rosana";"SP"
"3444301";"ROSEIRA";"Roseira";"SP"
"3444400";"RUBIACEA";"Rubiácea";"SP"
"3444509";"RUBINEIA";"Rubinéia";"SP"
"3444608";"SABINO";"Sabino";"SP"
"3444707";"SAGRES";"Sagres";"SP"
"3444806";"SALES";"Sales";"SP"
"3444905";"SALES OLIVEIRA";"Sales Oliveira";"SP"
"3445001";"SALESOPOLIS";"Salesópolis";"SP"
"3445100";"SALMOURAO";"Salmourão";"SP"
"3445159";"SALTINHO";"Saltinho";"SP"
"3445209";"SALTO";"Salto";"SP"
"3445308";"SALTO DE PIRAPORA";"Salto de Pirapora";"SP"
"3445407";"SALTO GRANDE";"Salto Grande";"SP"
"3445506";"SANDOVALINA";"Sandovalina";"SP"
"3445605";"SANTA ADELIA";"Santa Adélia";"SP"
"3445704";"SANTA ALBERTINA";"Santa Albertina";"SP"
"3445803";"SANTA BARBARA D'OESTE";"Santa Bárbara d'Oeste";"SP"
"3446009";"SANTA BRANCA";"Santa Branca";"SP"
"3446108";"SANTA CLARA D'OESTE";"Santa Clara d'Oeste";"SP"
"3446207";"SANTA CRUZ DA CONCEICAO";"Santa Cruz da Conceição";"SP"
"3446256";"SANTA CRUZ DA ESPERANCA";"Santa Cruz da Esperança";"SP"
"3446306";"SANTA CRUZ DAS PALMEIRAS";"Santa Cruz das Palmeiras";"SP"
"3446405";"SANTA CRUZ DO RIO PARDO";"Santa Cruz do Rio Pardo";"SP"
"3446504";"SANTA ERNESTINA";"Santa Ernestina";"SP"
"3446603";"SANTA FE DO SUL";"Santa Fé do Sul";"SP"
"3446702";"SANTA GERTRUDES";"Santa Gertrudes";"SP"
"3446801";"SANTA ISABEL";"Santa Isabel";"SP"
"3169406";"TRES PONTAS";"Três Pontas";"MG"
"3169505";"TUMIRITINGA";"Tumiritinga";"MG"
"3169604";"TUPACIGUARA";"Tupaciguara";"MG"
"3169703";"TURMALINA";"Turmalina";"MG"
"3169802";"TURVOLANDIA";"Turvolândia";"MG"
"3169901";"UBA";"Ubá";"MG"
"3170008";"UBAI";"Ubaí";"MG"
"3170057";"UBAPORANGA";"Ubaporanga";"MG"
"3170107";"UBERABA";"Uberaba";"MG"
"3170206";"UBERLANDIA";"Uberlândia";"MG"
"3170305";"UMBURATIBA";"Umburatiba";"MG"
"3170404";"UNAI";"Unaí";"MG"
"3170438";"UNIAO DE MINAS";"União de Minas";"MG"
"3170479";"URUANA DE MINAS";"Uruana de Minas";"MG"
"3170503";"URUCANIA";"Urucânia";"MG"
"3170529";"URUCUIA";"Urucuia";"MG"
"3170578";"VARGEM ALEGRE";"Vargem Alegre";"MG"
"3170602";"VARGEM BONITA";"Vargem Bonita";"MG"
"3170651";"VARGEM GRANDE DO RIO PARDO";"Vargem Grande do Rio Pardo";"MG"
"3170701";"VARGINHA";"Varginha";"MG"
"3170750";"VARJAO DE MINAS";"Varjão de Minas";"MG"
"3170800";"VARZEA DA PALMA";"Várzea da Palma";"MG"
"3170909";"VARZELANDIA";"Varzelândia";"MG"
"3171006";"VAZANTE";"Vazante";"MG"
"3171030";"VERDELANDIA";"Verdelândia";"MG"
"3171071";"VEREDINHA";"Veredinha";"MG"
"3171105";"VERISSIMO";"Veríssimo";"MG"
"3171154";"VERMELHO NOVO";"Vermelho Novo";"MG"
"3171204";"VESPASIANO";"Vespasiano";"MG"
"3171303";"VICOSA";"Viçosa";"MG"
"3171402";"VIEIRAS";"Vieiras";"MG"
"3171501";"MATHIAS LOBATO";"Mathias Lobato";"MG"
"3171600";"VIRGEM DA LAPA";"Virgem da Lapa";"MG"
"3171709";"VIRGINIA";"Virgínia";"MG"
"3171808";"VIRGINOPOLIS";"Virginópolis";"MG"
"3171907";"VIRGOLANDIA";"Virgolândia";"MG"
"3172004";"VISCONDE DO RIO BRANCO";"Visconde do Rio Branco";"MG"
"3172103";"VOLTA GRANDE";"Volta Grande";"MG"
"3172202";"WENCESLAU BRAZ";"Wenceslau Braz";"MG"
"3200102";"AFONSO CLAUDIO";"Afonso Cláudio";"ES"
"3200136";"AGUIA BRANCA";"Águia Branca";"ES"
"3200169";"AGUA DOCE DO NORTE";"Água Doce do Norte";"ES"
"3200201";"ALEGRE";"Alegre";"ES"
"3200300";"ALFREDO CHAVES";"Alfredo Chaves";"ES"
"3200359";"ALTO RIO NOVO";"Alto Rio Novo";"ES"
"3200409";"ANCHIETA";"Anchieta";"ES"
"3200508";"APIACA";"Apiacá";"ES"
"3200607";"ARACRUZ";"Aracruz";"ES"
"3200706";"ATILIO VIVACQUA";"Atilio Vivacqua";"ES"
"3200805";"BAIXO GUANDU";"Baixo Guandu";"ES"
"3200904";"BARRA DE SAO FRANCISCO";"Barra de São Francisco";"ES"
"3201001";"BOA ESPERANCA";"Boa Esperança";"ES"
"3201100";"BOM JESUS DO NORTE";"Bom Jesus do Norte";"ES"
"3201159";"BREJETUBA";"Brejetuba";"ES"
"3201209";"CACHOEIRO DE ITAPEMIRIM";"Cachoeiro de Itapemirim";"ES"
"3201308";"CARIACICA";"Cariacica";"ES"
"3201407";"CASTELO";"Castelo";"ES"
"3201506";"COLATINA";"Colatina";"ES"
"3201605";"CONCEICAO DA BARRA";"Conceição da Barra";"ES"
"3201704";"CONCEICAO DO CASTELO";"Conceição do Castelo";"ES"
"3201803";"DIVINO DE SAO LOURENCO";"Divino de São Lourenço";"ES"
"3201902";"DOMINGOS MARTINS";"Domingos Martins";"ES"
"3202009";"DORES DO RIO PRETO";"Dores do Rio Preto";"ES"
"3202108";"ECOPORANGA";"Ecoporanga";"ES"
"3202207";"FUNDAO";"Fundão";"ES"
"3202256";"GOVERNADOR LINDENBERG";"Governador Lindenberg";"ES"
"3202306";"GUACUI";"Guaçuí";"ES"
"3202405";"GUARAPARI";"Guarapari";"ES"
"3202454";"IBATIBA";"Ibatiba";"ES"
"3202504";"IBIRACU";"Ibiraçu";"ES"
"3202553";"IBITIRAMA";"Ibitirama";"ES"
"3202603";"ICONHA";"Iconha";"ES"
"3202652";"IRUPI";"Irupi";"ES"
"3202702";"ITAGUACU";"Itaguaçu";"ES"
"3202801";"ITAPEMIRIM";"Itapemirim";"ES"
"4103040";"BOA VENTURA DE SAO ROQUE";"Boa Ventura de São Roque";"PR"
"4103057";"BOA VISTA DA APARECIDA";"Boa Vista da Aparecida";"PR"
"4103107";"BOCAIUVA DO SUL";"Bocaiúva do Sul";"PR"
"4103156";"BOM JESUS DO SUL";"Bom Jesus do Sul";"PR"
"4103206";"BOM SUCESSO";"Bom Sucesso";"PR"
"4103222";"BOM SUCESSO DO SUL";"Bom Sucesso do Sul";"PR"
"4103305";"BORRAZOPOLIS";"Borrazópolis";"PR"
"4103354";"BRAGANEY";"Braganey";"PR"
"4103370";"BRASILANDIA DO SUL";"Brasilândia do Sul";"PR"
"4103404";"CAFEARA";"Cafeara";"PR"
"4103453";"CAFELANDIA";"Cafelândia";"PR"
"4103479";"CAFEZAL DO SUL";"Cafezal do Sul";"PR"
"4103503";"CALIFORNIA";"Califórnia";"PR"
"4103602";"CAMBARA";"Cambará";"PR"
"4103701";"CAMBE";"Cambé";"PR"
"4103800";"CAMBIRA";"Cambira";"PR"
"4103909";"CAMPINA DA LAGOA";"Campina da Lagoa";"PR"
"4103958";"CAMPINA DO SIMAO";"Campina do Simão";"PR"
"4104006";"CAMPINA GRANDE DO SUL";"Campina Grande do Sul";"PR"
"4104055";"CAMPO BONITO";"Campo Bonito";"PR"
"4104105";"CAMPO DO TENENTE";"Campo do Tenente";"PR"
"4104204";"CAMPO LARGO";"Campo Largo";"PR"
"4104253";"CAMPO MAGRO";"Campo Magro";"PR"
"4104303";"CAMPO MOURAO";"Campo Mourão";"PR"
"4104402";"CANDIDO DE ABREU";"Cândido de Abreu";"PR"
"4104428";"CANDOI";"Candói";"PR"
"4104451";"CANTAGALO";"Cantagalo";"PR"
"4104501";"CAPANEMA";"Capanema";"PR"
"4104600";"CAPITAO LEONIDAS MARQUES";"Capitão Leônidas Marques";"PR"
"4104659";"CARAMBEI";"Carambeí";"PR"
"4104709";"CARLOPOLIS";"Carlópolis";"PR"
"4104808";"CASCAVEL";"Cascavel";"PR"
"4104907";"CASTRO";"Castro";"PR"
"4105003";"CATANDUVAS";"Catanduvas";"PR"
"4105102";"CENTENARIO DO SUL";"Centenário do Sul";"PR"
"4105201";"CERRO AZUL";"Cerro Azul";"PR"
"4105300";"CEU AZUL";"Céu Azul";"PR"
"4105409";"CHOPINZINHO";"Chopinzinho";"PR"
"4105508";"CIANORTE";"Cianorte";"PR"
"4105607";"CIDADE GAUCHA";"Cidade Gaúcha";"PR"
"4105706";"CLEVELANDIA";"Clevelândia";"PR"
"4105805";"COLOMBO";"Colombo";"PR"
"4105904";"COLORADO";"Colorado";"PR"
"4106001";"CONGONHINHAS";"Congonhinhas";"PR"
"4106100";"CONSELHEIRO MAIRINCK";"Conselheiro Mairinck";"PR"
"4106209";"CONTENDA";"Contenda";"PR"
"4106308";"CORBELIA";"Corbélia";"PR"
"4106407";"CORNELIO PROCOPIO";"Cornélio Procópio";"PR"
"2707107";"PIRANHAS";"Piranhas";"AL"
"2707206";"POCO DAS TRINCHEIRAS";"Poço das Trincheiras";"AL"
"2707305";"PORTO CALVO";"Porto Calvo";"AL"
"2707404";"PORTO DE PEDRAS";"Porto de Pedras";"AL"
"2707503";"PORTO REAL DO COLEGIO";"Porto Real do Colégio";"AL"
"2707602";"QUEBRANGULO";"Quebrangulo";"AL"
"2707701";"RIO LARGO";"Rio Largo";"AL"
"2707800";"ROTEIRO";"Roteiro";"AL"
"2707909";"SANTA LUZIA DO NORTE";"Santa Luzia do Norte";"AL"
"2402907";"CORONEL JOAO PESSOA";"Coronel João Pessoa";"RN"
"2403004";"CRUZETA";"Cruzeta";"RN"
"2403103";"CURRAIS NOVOS";"Currais Novos";"RN"
"2403202";"DOUTOR SEVERIANO";"Doutor Severiano";"RN"
"2403251";"PARNAMIRIM";"Parnamirim";"RN"
"2403301";"ENCANTO";"Encanto";"RN"
"2403400";"EQUADOR";"Equador";"RN"
"2403509";"ESPIRITO SANTO";"Espírito Santo";"RN"
"2403608";"EXTREMOZ";"Extremoz";"RN"
"2403707";"FELIPE GUERRA";"Felipe Guerra";"RN"
"2403756";"FERNANDO PEDROZA";"Fernando Pedroza";"RN"
"2403806";"FLORANIA";"Florânia";"RN"
"2403905";"FRANCISCO DANTAS";"Francisco Dantas";"RN"
"2404002";"FRUTUOSO GOMES";"Frutuoso Gomes";"RN"
"2404101";"GALINHOS";"Galinhos";"RN"
"2404200";"GOIANINHA";"Goianinha";"RN"
"2404309";"GOVERNADOR DIX-SEPT ROSADO";"Governador Dix-Sept Rosado";"RN"
"2404408";"GROSSOS";"Grossos";"RN"
"2404507";"GUAMARE";"Guamaré";"RN"
"2404606";"IELMO MARINHO";"Ielmo Marinho";"RN"
"2404705";"IPANGUACU";"Ipanguaçu";"RN"
"2404804";"IPUEIRA";"Ipueira";"RN"
"2404853";"ITAJA";"Itajá";"RN"
"2404903";"ITAU";"Itaú";"RN"
"2405009";"JACANA";"Jaçanã";"RN"
"2405108";"JANDAIRA";"Jandaíra";"RN"
"2405207";"JANDUIS";"Janduís";"RN"
"2405306";"JANUARIO CICCO";"Januário Cicco";"RN"
"2405405";"JAPI";"Japi";"RN"
"2405504";"JARDIM DE ANGICOS";"Jardim de Angicos";"RN"
"2405603";"JARDIM DE PIRANHAS";"Jardim de Piranhas";"RN"
"2405702";"JARDIM DO SERIDO";"Jardim do Seridó";"RN"
"2405801";"JOAO CAMARA";"João Câmara";"RN"
"2405900";"JOAO DIAS";"João Dias";"RN"
"2406007";"JOSE DA PENHA";"José da Penha";"RN"
"2406106";"JUCURUTU";"Jucurutu";"RN"
"2406155";"JUNDIA";"Jundiá";"RN"
"2406205";"LAGOA D'ANTA";"Lagoa d'Anta";"RN"
"2406304";"LAGOA DE PEDRAS";"Lagoa de Pedras";"RN"
"2406403";"LAGOA DE VELHOS";"Lagoa de Velhos";"RN"
"2406502";"LAGOA NOVA";"Lagoa Nova";"RN"
"2406601";"LAGOA SALGADA";"Lagoa Salgada";"RN"
"2406700";"LAJES";"Lajes";"RN"
"2406809";"LAJES PINTADAS";"Lajes Pintadas";"RN"
"2406908";"LUCRECIA";"Lucrécia";"RN"
"2407005";"LUIS GOMES";"Luís Gomes";"RN"
"2407104";"MACAIBA";"Macaíba";"RN"
"2407203";"MACAU";"Macau";"RN"
"2407252";"MAJOR SALES";"Major Sales";"RN"
"2407302";"MARCELINO VIEIRA";"Marcelino Vieira";"RN"
"2407401";"MARTINS";"Martins";"RN"
"2407500";"MAXARANGUAPE";"Maxaranguape";"RN"
"2407609";"MESSIAS TARGINO";"Messias Targino";"RN"
"2407708";"MONTANHAS";"Montanhas";"RN"
"2407807";"MONTE ALEGRE";"Monte Alegre";"RN"
"2407906";"MONTE DAS GAMELEIRAS";"Monte das Gameleiras";"RN"
"2408003";"MOSSORO";"Mossoró";"RN"
"2408102";"NATAL";"Natal";"RN"
"2408201";"NISIA FLORESTA";"Nísia Floresta";"RN"
"2408300";"NOVA CRUZ";"Nova Cruz";"RN"
"2408409";"OLHO-D'AGUA DO BORGES";"Olho-d'Água do Borges";"RN"
"2408508";"OURO BRANCO";"Ouro Branco";"RN"
"2408607";"PARANA";"Paraná";"RN"
"2408706";"PARAU";"Paraú";"RN"
"2408805";"PARAZINHO";"Parazinho";"RN"
"2408904";"PARELHAS";"Parelhas";"RN"
"2408953";"RIO DO FOGO";"Rio do Fogo";"RN"
"2409100";"PASSA E FICA";"Passa e Fica";"RN"
"2409209";"PASSAGEM";"Passagem";"RN"
"2409308";"PATU";"Patu";"RN"
"2409332";"SANTA MARIA";"Santa Maria";"RN"
"2409407";"PAU DOS FERROS";"Pau dos Ferros";"RN"
"2409506";"PEDRA GRANDE";"Pedra Grande";"RN"
"2409605";"PEDRA PRETA";"Pedra Preta";"RN"
"2409704";"PEDRO AVELINO";"Pedro Avelino";"RN"
"2409803";"PEDRO VELHO";"Pedro Velho";"RN"
"2409902";"PENDENCIAS";"Pendências";"RN"
"2410009";"PILOES";"Pilões";"RN"
"2410108";"POCO BRANCO";"Poço Branco";"RN"
"2410207";"PORTALEGRE";"Portalegre";"RN"
"2410256";"PORTO DO MANGUE";"Porto do Mangue";"RN"
"2410306";"PRESIDENTE JUSCELINO";"Presidente Juscelino";"RN"
"2410405";"PUREZA";"Pureza";"RN"
"2410504";"RAFAEL FERNANDES";"Rafael Fernandes";"RN"
"2410603";"RAFAEL GODEIRO";"Rafael Godeiro";"RN"
"2410702";"RIACHO DA CRUZ";"Riacho da Cruz";"RN"
"2410801";"RIACHO DE SANTANA";"Riacho de Santana";"RN"
"2410900";"RIACHUELO";"Riachuelo";"RN"
"2411007";"RODOLFO FERNANDES";"Rodolfo Fernandes";"RN"
"2411056";"TIBAU";"Tibau";"RN"
"2411106";"RUY BARBOSA";"Ruy Barbosa";"RN"
"2411205";"SANTA CRUZ";"Santa Cruz";"RN"
"2411403";"SANTANA DO MATOS";"Santana do Matos";"RN"
"2411429";"SANTANA DO SERIDO";"Santana do Seridó";"RN"
"2411502";"SANTO ANTONIO";"Santo Antônio";"RN"
"2411601";"SAO BENTO DO NORTE";"São Bento do Norte";"RN"
"2411700";"SAO BENTO DO TRAIRI";"São Bento do Trairí";"RN"
"2411809";"SAO FERNANDO";"São Fernando";"RN"
"2411908";"SAO FRANCISCO DO OESTE";"São Francisco do Oeste";"RN"
"2412005";"SAO GONCALO DO AMARANTE";"São Gonçalo do Amarante";"RN"
"2412104";"SAO JOAO DO SABUGI";"São João do Sabugi";"RN"
"2412203";"SAO JOSE DE MIPIBU";"São José de Mipibu";"RN"
"2412302";"SAO JOSE DO CAMPESTRE";"São José do Campestre";"RN"
"2412401";"SAO JOSE DO SERIDO";"São José do Seridó";"RN"
"2412500";"SAO MIGUEL";"São Miguel";"RN"
"2412559";"SAO MIGUEL DO GOSTOSO";"São Miguel do Gostoso";"RN"
"2412609";"SAO PAULO DO POTENGI";"São Paulo do Potengi";"RN"
"2412708";"SAO PEDRO";"São Pedro";"RN"
"2412807";"SAO RAFAEL";"São Rafael";"RN"
"2412906";"SAO TOME";"São Tomé";"RN"
"2413003";"SAO VICENTE";"São Vicente";"RN"
"2413102";"SENADOR ELOI DE SOUZA";"Senador Elói de Souza";"RN"
"2413201";"SENADOR GEORGINO AVELINO";"Senador Georgino Avelino";"RN"
"2413300";"SERRA DE SAO BENTO";"Serra de São Bento";"RN"
"2413359";"SERRA DO MEL";"Serra do Mel";"RN"
"2413409";"SERRA NEGRA DO NORTE";"Serra Negra do Norte";"RN"
"2413508";"SERRINHA";"Serrinha";"RN"
"2413557";"SERRINHA DOS PINTOS";"Serrinha dos Pintos";"RN"
"2413607";"SEVERIANO MELO";"Severiano Melo";"RN"
"2413706";"SITIO NOVO";"Sítio Novo";"RN"
"2413805";"TABOLEIRO GRANDE";"Taboleiro Grande";"RN"
"2413904";"TAIPU";"Taipu";"RN"
"2414001";"TANGARA";"Tangará";"RN"
"2414100";"TENENTE ANANIAS";"Tenente Ananias";"RN"
"2414159";"TENENTE LAURENTINO CRUZ";"Tenente Laurentino Cruz";"RN"
"2414209";"TIBAU DO SUL";"Tibau do Sul";"RN"
"2414308";"TIMBAUBA DOS BATISTAS";"Timbaúba dos Batistas";"RN"
"2414407";"TOUROS";"Touros";"RN"
"2414456";"TRIUNFO POTIGUAR";"Triunfo Potiguar";"RN"
"2414506";"UMARIZAL";"Umarizal";"RN"
"2414605";"UPANEMA";"Upanema";"RN"
"2414704";"VARZEA";"Várzea";"RN"
"2414753";"VENHA-VER";"Venha-Ver";"RN"
"2414803";"VERA CRUZ";"Vera Cruz";"RN"
"2414902";"VICOSA";"Viçosa";"RN"
"2415008";"VILA FLOR";"Vila Flor";"RN"
"2500106";"AGUA BRANCA";"Água Branca";"PB"
"2500205";"AGUIAR";"Aguiar";"PB"
"2500304";"ALAGOA GRANDE";"Alagoa Grande";"PB"
"2500403";"ALAGOA NOVA";"Alagoa Nova";"PB"
"2500502";"ALAGOINHA";"Alagoinha";"PB"
"2500536";"ALCANTIL";"Alcantil";"PB"
"2500577";"ALGODAO DE JANDAIRA";"Algodão de Jandaíra";"PB"
"2500601";"ALHANDRA";"Alhandra";"PB"
"2500700";"SAO JOAO DO RIO DO PEIXE";"São João do Rio do Peixe";"PB"
"2500734";"AMPARO";"Amparo";"PB"
"2500775";"APARECIDA";"Aparecida";"PB"
"2500809";"ARACAGI";"Araçagi";"PB"
"2500908";"ARARA";"Arara";"PB"
"2501005";"ARARUNA";"Araruna";"PB"
"2501104";"AREIA";"Areia";"PB"
"2501153";"AREIA DE BARAUNAS";"Areia de Baraúnas";"PB"
"2501203";"AREIAL";"Areial";"PB"
"2501302";"AROEIRAS";"Aroeiras";"PB"
"2501351";"ASSUNCAO";"Assunção";"PB"
"2501401";"BAIA DA TRAICAO";"Baía da Traição";"PB"
"2501500";"BANANEIRAS";"Bananeiras";"PB"
"2501534";"BARAUNA";"Baraúna";"PB"
"2501575";"BARRA DE SANTANA";"Barra de Santana";"PB"
"2501609";"BARRA DE SANTA ROSA";"Barra de Santa Rosa";"PB"
"2501708";"BARRA DE SAO MIGUEL";"Barra de São Miguel";"PB"
"2501807";"BAYEUX";"Bayeux";"PB"
"2501906";"BELEM";"Belém";"PB"
"2208007";"PICOS";"Picos";"PI"
"2208106";"PIMENTEIRAS";"Pimenteiras";"PI"
"2208205";"PIO IX";"Pio IX";"PI"
"2208304";"PIRACURUCA";"Piracuruca";"PI"
"2208403";"PIRIPIRI";"Piripiri";"PI"
"2208502";"PORTO";"Porto";"PI"
"2208551";"PORTO ALEGRE DO PIAUI";"Porto Alegre do Piauí";"PI"
"2208601";"PRATA DO PIAUI";"Prata do Piauí";"PI"
"2208650";"QUEIMADA NOVA";"Queimada Nova";"PI"
"2208700";"REDENCAO DO GURGUEIA";"Redenção do Gurguéia";"PI"
"2208809";"REGENERACAO";"Regeneração";"PI"
"2208858";"RIACHO FRIO";"Riacho Frio";"PI"
"2208874";"RIBEIRA DO PIAUI";"Ribeira do Piauí";"PI"
"2208908";"RIBEIRO GONCALVES";"Ribeiro Gonçalves";"PI"
"2209005";"RIO GRANDE DO PIAUI";"Rio Grande do Piauí";"PI"
"2209104";"SANTA CRUZ DO PIAUI";"Santa Cruz do Piauí";"PI"
"2209153";"SANTA CRUZ DOS MILAGRES";"Santa Cruz dos Milagres";"PI"
"2209203";"SANTA FILOMENA";"Santa Filomena";"PI"
"2209302";"SANTA LUZ";"Santa Luz";"PI"
"2209351";"SANTANA DO PIAUI";"Santana do Piauí";"PI"
"2209377";"SANTA ROSA DO PIAUI";"Santa Rosa do Piauí";"PI"
"2209401";"SANTO ANTONIO DE LISBOA";"Santo Antônio de Lisboa";"PI"
"2209450";"SANTO ANTONIO DOS MILAGRES";"Santo Antônio dos Milagres";"PI"
"2209500";"SANTO INACIO DO PIAUI";"Santo Inácio do Piauí";"PI"
"2209559";"SAO BRAZ DO PIAUI";"São Braz do Piauí";"PI"
"2209609";"SAO FELIX DO PIAUI";"São Félix do Piauí";"PI"
"2209658";"SAO FRANCISCO DE ASSIS PIAUI";"São Francisco de Assis Piauí";"PI"
"2209708";"SAO FRANCISCO DO PIAUI";"São Francisco do Piauí";"PI"
"2209757";"SAO GONCALO DO GURGUEIA";"São Gonçalo do Gurguéia";"PI"
"2209807";"SAO GONCALO DO PIAUI";"São Gonçalo do Piauí";"PI"
"2209856";"SAO JOAO DA CANABRAVA";"São João da Canabrava";"PI"
"2209872";"SAO JOAO DA FRONTEIRA";"São João da Fronteira";"PI"
"2209906";"SAO JOAO DA SERRA";"São João da Serra";"PI"
"2209955";"SAO JOAO DA VARJOTA";"São João da Varjota";"PI"
"2209971";"SAO JOAO DO ARRAIAL";"São João do Arraial";"PI"
"2210003";"SAO JOAO DO PIAUI";"São João do Piauí";"PI"
"2210052";"SAO JOSE DO DIVINO";"São José do Divino";"PI"
"2210102";"SAO JOSE DO PEIXE";"São José do Peixe";"PI"
"2210201";"SAO JOSE DO PIAUI";"São José do Piauí";"PI"
"2210300";"SAO JULIAO";"São Julião";"PI"
"2210359";"SAO LOURENCO DO PIAUI";"São Lourenço do Piauí";"PI"
"2210375";"SAO LUIS DO PIAUI";"São Luis do Piauí";"PI"
"2210383";"SAO MIGUEL DA BAIXA GRANDE";"São Miguel da Baixa Grande";"PI"
"2210391";"SAO MIGUEL DO FIDALGO";"São Miguel do Fidalgo";"PI"
"2210409";"SAO MIGUEL DO TAPUIO";"São Miguel do Tapuio";"PI"
"2210508";"SAO PEDRO DO PIAUI";"São Pedro do Piauí";"PI"
"2210607";"SAO RAIMUNDO NONATO";"São Raimundo Nonato";"PI"
"2210623";"SEBASTIAO BARROS";"Sebastião Barros";"PI"
"2210631";"SEBASTIAO LEAL";"Sebastião Leal";"PI"
"2210656";"SIGEFREDO PACHECO";"Sigefredo Pacheco";"PI"
"2210706";"SIMOES";"Simões";"PI"
"2210805";"SIMPLICIO MENDES";"Simplício Mendes";"PI"
"2210904";"SOCORRO DO PIAUI";"Socorro do Piauí";"PI"
"2210938";"SUSSUAPARA";"Sussuapara";"PI"
"2210953";"TAMBORIL DO PIAUI";"Tamboril do Piauí";"PI"
"2210979";"TANQUE DO PIAUI";"Tanque do Piauí";"PI"
"2211001";"TERESINA";"Teresina";"PI"
"2211100";"UNIAO";"União";"PI"
"2211209";"URUCUI";"Uruçuí";"PI"
"2211308";"VALENCA DO PIAUI";"Valença do Piauí";"PI"
"2211357";"VARZEA BRANCA";"Várzea Branca";"PI"
"2211407";"VARZEA GRANDE";"Várzea Grande";"PI"
"2211506";"VERA MENDES";"Vera Mendes";"PI"
"2211605";"VILA NOVA DO PIAUI";"Vila Nova do Piauí";"PI"
"2211704";"WALL FERRAZ";"Wall Ferraz";"PI"
"2300101";"ABAIARA";"Abaiara";"CE"
"2300150";"ACARAPE";"Acarapé";"CE"
"2300200";"ACARAU";"Acaraú";"CE"
"2300309";"ACOPIARA";"Acopiara";"CE"
"2300408";"AIUABA";"Aiuaba";"CE"
"2300507";"ALCANTARAS";"Alcântaras";"CE"
"2300606";"ALTANEIRA";"Altaneira";"CE"
"2300705";"ALTO SANTO";"Alto Santo";"CE"
"2300754";"AMONTADA";"Amontada";"CE"
"2300804";"ANTONINA DO NORTE";"Antonina do Norte";"CE"
"2300903";"APUIARES";"Apuiarés";"CE"
"2301000";"AQUIRAZ";"Aquiraz";"CE"
"2301109";"ARACATI";"Aracati";"CE"
"2301208";"ARACOIABA";"Aracoiaba";"CE"
"2301257";"ARARENDA";"Ararendá";"CE"
"2301307";"ARARIPE";"Araripe";"CE"
"2301406";"ARATUBA";"Aratuba";"CE"
"2301505";"ARNEIROZ";"Arneiroz";"CE"
"2301604";"ASSARE";"Assaré";"CE"
"2301703";"AURORA";"Aurora";"CE"
"2301802";"BAIXIO";"Baixio";"CE"
"2301851";"BANABUIU";"Banabuiú";"CE"
"2301901";"BARBALHA";"Barbalha";"CE"
"2301950";"BARREIRA";"Barreira";"CE"
"2302008";"BARRO";"Barro";"CE"
"2302057";"BARROQUINHA";"Barroquinha";"CE"
"2302107";"BATURITE";"Baturité";"CE"
"2302206";"BEBERIBE";"Beberibe";"CE"
"2302305";"BELA CRUZ";"Bela Cruz";"CE"
"2302404";"BOA VIAGEM";"Boa Viagem";"CE"
"2302503";"BREJO SANTO";"Brejo Santo";"CE"
"2302602";"CAMOCIM";"Camocim";"CE"
"2302701";"CAMPOS SALES";"Campos Sales";"CE"
"2302800";"CANINDE";"Canindé";"CE"
"2302909";"CAPISTRANO";"Capistrano";"CE"
"2303006";"CARIDADE";"Caridade";"CE"
"2303105";"CARIRE";"Cariré";"CE"
"2303204";"CARIRIACU";"Caririaçu";"CE"
"2303303";"CARIUS";"Cariús";"CE"
"2303402";"CARNAUBAL";"Carnaubal";"CE"
"2303501";"CASCAVEL";"Cascavel";"CE"
"2303600";"CATARINA";"Catarina";"CE"
"2303659";"CATUNDA";"Catunda";"CE"
"2303709";"CAUCAIA";"Caucaia";"CE"
"2303808";"CEDRO";"Cedro";"CE"
"2303907";"CHAVAL";"Chaval";"CE"
"2303931";"CHORO";"Choró";"CE"
"2303956";"CHOROZINHO";"Chorozinho";"CE"
"2304004";"COREAU";"Coreaú";"CE"
"2304103";"CRATEUS";"Crateús";"CE"
"2304202";"CRATO";"Crato";"CE"
"2304236";"CROATA";"Croatá";"CE"
"2304251";"CRUZ";"Cruz";"CE"
"2304269";"DEPUTADO IRAPUAN PINHEIRO";"Deputado Irapuan Pinheiro";"CE"
"2304277";"ERERE";"Ererê";"CE"
"2304285";"EUSEBIO";"Eusébio";"CE"
"2304301";"FARIAS BRITO";"Farias Brito";"CE"
"2304350";"FORQUILHA";"Forquilha";"CE"
"2304400";"FORTALEZA";"Fortaleza";"CE"
"2304459";"FORTIM";"Fortim";"CE"
"2304509";"FRECHEIRINHA";"Frecheirinha";"CE"
"2304608";"GENERAL SAMPAIO";"General Sampaio";"CE"
"2304657";"GRACA";"Graça";"CE"
"2304707";"GRANJA";"Granja";"CE"
"2304806";"GRANJEIRO";"Granjeiro";"CE"
"2304905";"GROAIRAS";"Groaíras";"CE"
"2304954";"GUAIUBA";"Guaiúba";"CE"
"2305001";"GUARACIABA DO NORTE";"Guaraciaba do Norte";"CE"
"2305100";"GUARAMIRANGA";"Guaramiranga";"CE"
"2305209";"HIDROLANDIA";"Hidrolândia";"CE"
"2305233";"HORIZONTE";"Horizonte";"CE"
"2305266";"IBARETAMA";"Ibaretama";"CE"
"2305308";"IBIAPINA";"Ibiapina";"CE"
"2305332";"IBICUITINGA";"Ibicuitinga";"CE"
"2305357";"ICAPUI";"Icapuí";"CE"
"2305407";"ICO";"Icó";"CE"
"2305506";"IGUATU";"Iguatu";"CE"
"2305605";"INDEPENDENCIA";"Independência";"CE"
"2305654";"IPAPORANGA";"Ipaporanga";"CE"
"2305704";"IPAUMIRIM";"Ipaumirim";"CE"
"2305803";"IPU";"Ipu";"CE"
"2305902";"IPUEIRAS";"Ipueiras";"CE"
"2306009";"IRACEMA";"Iracema";"CE"
"2306108";"IRAUCUBA";"Irauçuba";"CE"
"2306207";"ITAICABA";"Itaiçaba";"CE"
"2306256";"ITAITINGA";"Itaitinga";"CE"
"2306306";"ITAPAGE";"Itapagé";"CE"
"2306405";"ITAPIPOCA";"Itapipoca";"CE"
"2306504";"ITAPIUNA";"Itapiúna";"CE"
"2306553";"ITAREMA";"Itarema";"CE"
"2306603";"ITATIRA";"Itatira";"CE"
"2306702";"JAGUARETAMA";"Jaguaretama";"CE"
"2306801";"JAGUARIBARA";"Jaguaribara";"CE"
"2306900";"JAGUARIBE";"Jaguaribe";"CE"
"2307007";"JAGUARUANA";"Jaguaruana";"CE"
"2307106";"JARDIM";"Jardim";"CE"
"2307205";"JATI";"Jati";"CE"
"2307254";"JIJOCA DE JERICOACOARA";"Jijoca de Jericoacoara";"CE"
"2307304";"JUAZEIRO DO NORTE";"Juazeiro do Norte";"CE"
"2307403";"JUCAS";"Jucás";"CE"
"2307502";"LAVRAS DA MANGABEIRA";"Lavras da Mangabeira";"CE"
"2307601";"LIMOEIRO DO NORTE";"Limoeiro do Norte";"CE"
"2307635";"MADALENA";"Madalena";"CE"
"2307650";"MARACANAU";"Maracanaú";"CE"
"2307700";"MARANGUAPE";"Maranguape";"CE"
"2307809";"MARCO";"Marco";"CE"
"2307908";"MARTINOPOLE";"Martinópole";"CE"
"2308005";"MASSAPE";"Massapê";"CE"
"2308104";"MAURITI";"Mauriti";"CE"
"2308203";"MERUOCA";"Meruoca";"CE"
"2308302";"MILAGRES";"Milagres";"CE"
"2308351";"MILHA";"Milhã";"CE"
"2308377";"MIRAIMA";"Miraíma";"CE"
"3156809";"SABINOPOLIS";"Sabinópolis";"MG"
"3156908";"SACRAMENTO";"Sacramento";"MG"
"3157005";"SALINAS";"Salinas";"MG"
"3157104";"SALTO DA DIVISA";"Salto da Divisa";"MG"
"3157203";"SANTA BARBARA";"Santa Bárbara";"MG"
"3157252";"SANTA BARBARA DO LESTE";"Santa Bárbara do Leste";"MG"
"3157278";"SANTA BARBARA DO MONTE VERDE";"Santa Bárbara do Monte Verde";"MG"
"3157302";"SANTA BARBARA DO TUGURIO";"Santa Bárbara do Tugúrio";"MG"
"3157336";"SANTA CRUZ DE MINAS";"Santa Cruz de Minas";"MG"
"3157377";"SANTA CRUZ DE SALINAS";"Santa Cruz de Salinas";"MG"
"3157401";"SANTA CRUZ DO ESCALVADO";"Santa Cruz do Escalvado";"MG"
"3157500";"SANTA EFIGENIA DE MINAS";"Santa Efigênia de Minas";"MG"
"3157609";"SANTA FE DE MINAS";"Santa Fé de Minas";"MG"
"3157658";"SANTA HELENA DE MINAS";"Santa Helena de Minas";"MG"
"3157708";"SANTA JULIANA";"Santa Juliana";"MG"
"3157807";"SANTA LUZIA";"Santa Luzia";"MG"
"3157906";"SANTA MARGARIDA";"Santa Margarida";"MG"
"3158003";"SANTA MARIA DE ITABIRA";"Santa Maria de Itabira";"MG"
"3158102";"SANTA MARIA DO SALTO";"Santa Maria do Salto";"MG"
"3158201";"SANTA MARIA DO SUACUI";"Santa Maria do Suaçuí";"MG"
"3158300";"SANTANA DA VARGEM";"Santana da Vargem";"MG"
"3158409";"SANTANA DE CATAGUASES";"Santana de Cataguases";"MG"
"3158508";"SANTANA DE PIRAPAMA";"Santana de Pirapama";"MG"
"3158607";"SANTANA DO DESERTO";"Santana do Deserto";"MG"
"3158706";"SANTANA DO GARAMBEU";"Santana do Garambéu";"MG"
"3158805";"SANTANA DO JACARE";"Santana do Jacaré";"MG"
"3158904";"SANTANA DO MANHUACU";"Santana do Manhuaçu";"MG"
"3158953";"SANTANA DO PARAISO";"Santana do Paraíso";"MG"
"3159001";"SANTANA DO RIACHO";"Santana do Riacho";"MG"
"3159100";"SANTANA DOS MONTES";"Santana dos Montes";"MG"
"3159209";"SANTA RITA DE CALDAS";"Santa Rita de Caldas";"MG"
"3159308";"SANTA RITA DE JACUTINGA";"Santa Rita de Jacutinga";"MG"
"3159357";"SANTA RITA DE MINAS";"Santa Rita de Minas";"MG"
"3159407";"SANTA RITA DE IBITIPOCA";"Santa Rita de Ibitipoca";"MG"
"3159506";"SANTA RITA DO ITUETO";"Santa Rita do Itueto";"MG"
"3159605";"SANTA RITA DO SAPUCAI";"Santa Rita do Sapucaí";"MG"
"3159704";"SANTA ROSA DA SERRA";"Santa Rosa da Serra";"MG"
"3159803";"SANTA VITORIA";"Santa Vitória";"MG"
"2103158";"CENTRO DO GUILHERME";"Centro do Guilherme";"MA"
"2103174";"CENTRO NOVO DO MARANHAO";"Centro Novo do Maranhão";"MA"
"2103208";"CHAPADINHA";"Chapadinha";"MA"
"2103257";"CIDELANDIA";"Cidelândia";"MA"
"2103307";"CODO";"Codó";"MA"
"2103406";"COELHO NETO";"Coelho Neto";"MA"
"2103505";"COLINAS";"Colinas";"MA"
"2103554";"CONCEICAO DO LAGO-ACU";"Conceição do Lago-Açu";"MA"
"2103604";"COROATA";"Coroatá";"MA"
"2103703";"CURURUPU";"Cururupu";"MA"
"2103752";"DAVINOPOLIS";"Davinópolis";"MA"
"2103802";"DOM PEDRO";"Dom Pedro";"MA"
"2103901";"DUQUE BACELAR";"Duque Bacelar";"MA"
"2104008";"ESPERANTINOPOLIS";"Esperantinópolis";"MA"
"2104057";"ESTREITO";"Estreito";"MA"
"2104073";"FEIRA NOVA DO MARANHAO";"Feira Nova do Maranhão";"MA"
"2104081";"FERNANDO FALCAO";"Fernando Falcão";"MA"
"2104099";"FORMOSA DA SERRA NEGRA";"Formosa da Serra Negra";"MA"
"2104107";"FORTALEZA DOS NOGUEIRAS";"Fortaleza dos Nogueiras";"MA"
"2104206";"FORTUNA";"Fortuna";"MA"
"2104305";"GODOFREDO VIANA";"Godofredo Viana";"MA"
"2104404";"GONCALVES DIAS";"Gonçalves Dias";"MA"
"2104503";"GOVERNADOR ARCHER";"Governador Archer";"MA"
"2104552";"GOVERNADOR EDISON LOBAO";"Governador Edison Lobão";"MA"
"2104602";"GOVERNADOR EUGENIO BARROS";"Governador Eugênio Barros";"MA"
"2104628";"GOVERNADOR LUIZ ROCHA";"Governador Luiz Rocha";"MA"
"2104651";"GOVERNADOR NEWTON BELLO";"Governador Newton Bello";"MA"
"2104677";"GOVERNADOR NUNES FREIRE";"Governador Nunes Freire";"MA"
"2104701";"GRACA ARANHA";"Graça Aranha";"MA"
"2104800";"GRAJAU";"Grajaú";"MA"
"2104909";"GUIMARAES";"Guimarães";"MA"
"2105005";"HUMBERTO DE CAMPOS";"Humberto de Campos";"MA"
"2105104";"ICATU";"Icatu";"MA"
"2105153";"IGARAPE DO MEIO";"Igarapé do Meio";"MA"
"2105203";"IGARAPE GRANDE";"Igarapé Grande";"MA"
"2105302";"IMPERATRIZ";"Imperatriz";"MA"
"2105351";"ITAIPAVA DO GRAJAU";"Itaipava do Grajaú";"MA"
"2105401";"ITAPECURU MIRIM";"Itapecuru Mirim";"MA"
"2105427";"ITINGA DO MARANHAO";"Itinga do Maranhão";"MA"
"2105450";"JATOBA";"Jatobá";"MA"
"2105476";"JENIPAPO DOS VIEIRAS";"Jenipapo dos Vieiras";"MA"
"2105500";"JOAO LISBOA";"João Lisboa";"MA"
"2105609";"JOSELANDIA";"Joselândia";"MA"
"2105658";"JUNCO DO MARANHAO";"Junco do Maranhão";"MA"
"2105708";"LAGO DA PEDRA";"Lago da Pedra";"MA"
"2105807";"LAGO DO JUNCO";"Lago do Junco";"MA"
"2105906";"LAGO VERDE";"Lago Verde";"MA"
"2105922";"LAGOA DO MATO";"Lagoa do Mato";"MA"
"2105948";"LAGO DOS RODRIGUES";"Lago dos Rodrigues";"MA"
"2105963";"LAGOA GRANDE DO MARANHAO";"Lagoa Grande do Maranhão";"MA"
"2105989";"LAJEADO NOVO";"Lajeado Novo";"MA"
"2106003";"LIMA CAMPOS";"Lima Campos";"MA"
"2106102";"LORETO";"Loreto";"MA"
"2106201";"LUIS DOMINGUES";"Luís Domingues";"MA"
"2106300";"MAGALHAES DE ALMEIDA";"Magalhães de Almeida";"MA"
"2106326";"MARACACUME";"Maracaçumé";"MA"
"2106359";"MARAJA DO SENA";"Marajá do Sena";"MA"
"2106375";"MARANHAOZINHO";"Maranhãozinho";"MA"
"2106409";"MATA ROMA";"Mata Roma";"MA"
"2106508";"MATINHA";"Matinha";"MA"
"2106607";"MATOES";"Matões";"MA"
"2106631";"MATOES DO NORTE";"Matões do Norte";"MA"
"2106672";"MILAGRES DO MARANHAO";"Milagres do Maranhão";"MA"
"2106706";"MIRADOR";"Mirador";"MA"
"2106755";"MIRANDA DO NORTE";"Miranda do Norte";"MA"
"2106805";"MIRINZAL";"Mirinzal";"MA"
"2106904";"MONCAO";"Monção";"MA"
"2107001";"MONTES ALTOS";"Montes Altos";"MA"
"2107100";"MORROS";"Morros";"MA"
"2107209";"NINA RODRIGUES";"Nina Rodrigues";"MA"
"2107258";"NOVA COLINAS";"Nova Colinas";"MA"
"2107308";"NOVA IORQUE";"Nova Iorque";"MA"
"2107357";"NOVA OLINDA DO MARANHAO";"Nova Olinda do Maranhão";"MA"
"2107407";"OLHO D'AGUA DAS CUNHAS";"Olho d'Água das Cunhãs";"MA"
"2107456";"OLINDA NOVA DO MARANHAO";"Olinda Nova do Maranhão";"MA"
"2107506";"PACO DO LUMIAR";"Paço do Lumiar";"MA"
"2107605";"PALMEIRANDIA";"Palmeirândia";"MA"
"2107704";"PARAIBANO";"Paraibano";"MA"
"2107803";"PARNARAMA";"Parnarama";"MA"
"2107902";"PASSAGEM FRANCA";"Passagem Franca";"MA"
"2108009";"PASTOS BONS";"Pastos Bons";"MA"
"2108058";"PAULINO NEVES";"Paulino Neves";"MA"
"2108108";"PAULO RAMOS";"Paulo Ramos";"MA"
"2108207";"PEDREIRAS";"Pedreiras";"MA"
"2108256";"PEDRO DO ROSARIO";"Pedro do Rosário";"MA"
"2108306";"PENALVA";"Penalva";"MA"
"2108405";"PERI MIRIM";"Peri Mirim";"MA"
"2108454";"PERITORO";"Peritoró";"MA"
"2108504";"PINDARE-MIRIM";"Pindaré-Mirim";"MA"
"2108603";"PINHEIRO";"Pinheiro";"MA"
"2616407";"VITORIA DE SANTO ANTAO";"Vitória de Santo Antão";"PE"
"2616506";"XEXEU";"Xexéu";"PE"
"2700102";"AGUA BRANCA";"Água Branca";"AL"
"2700201";"ANADIA";"Anadia";"AL"
"2700300";"ARAPIRACA";"Arapiraca";"AL"
"2700409";"ATALAIA";"Atalaia";"AL"
"2700508";"BARRA DE SANTO ANTONIO";"Barra de Santo Antônio";"AL"
"2700607";"BARRA DE SAO MIGUEL";"Barra de São Miguel";"AL"
"2700706";"BATALHA";"Batalha";"AL"
"2700805";"BELEM";"Belém";"AL"
"2700904";"BELO MONTE";"Belo Monte";"AL"
"2701001";"BOCA DA MATA";"Boca da Mata";"AL"
"2701100";"BRANQUINHA";"Branquinha";"AL"
"2701209";"CACIMBINHAS";"Cacimbinhas";"AL"
"2701308";"CAJUEIRO";"Cajueiro";"AL"
"2701357";"CAMPESTRE";"Campestre";"AL"
"2701407";"CAMPO ALEGRE";"Campo Alegre";"AL"
"2701506";"CAMPO GRANDE";"Campo Grande";"AL"
"2701605";"CANAPI";"Canapi";"AL"
"2701704";"CAPELA";"Capela";"AL"
"2701803";"CARNEIROS";"Carneiros";"AL"
"2701902";"CHA PRETA";"Chã Preta";"AL"
"2702009";"COITE DO NOIA";"Coité do Nóia";"AL"
"2702108";"COLONIA LEOPOLDINA";"Colônia Leopoldina";"AL"
"2702207";"COQUEIRO SECO";"Coqueiro Seco";"AL"
"2702306";"CORURIPE";"Coruripe";"AL"
"2702355";"CRAIBAS";"Craíbas";"AL"
"2702405";"DELMIRO GOUVEIA";"Delmiro Gouveia";"AL"
"2702504";"DOIS RIACHOS";"Dois Riachos";"AL"
"2702553";"ESTRELA DE ALAGOAS";"Estrela de Alagoas";"AL"
"2702603";"FEIRA GRANDE";"Feira Grande";"AL"
"2702702";"FELIZ DESERTO";"Feliz Deserto";"AL"
"2702801";"FLEXEIRAS";"Flexeiras";"AL"
"2702900";"GIRAU DO PONCIANO";"Girau do Ponciano";"AL"
"2703007";"IBATEGUARA";"Ibateguara";"AL"
"2703106";"IGACI";"Igaci";"AL"
"2703205";"IGREJA NOVA";"Igreja Nova";"AL"
"2703304";"INHAPI";"Inhapi";"AL"
"2703403";"JACARE DOS HOMENS";"Jacaré dos Homens";"AL"
"2703502";"JACUIPE";"Jacuípe";"AL"
"2703601";"JAPARATINGA";"Japaratinga";"AL"
"2703700";"JARAMATAIA";"Jaramataia";"AL"
"2703759";"JEQUIA DA PRAIA";"Jequiá da Praia";"AL"
"2703809";"JOAQUIM GOMES";"Joaquim Gomes";"AL"
"2703908";"JUNDIA";"Jundiá";"AL"
"2704005";"JUNQUEIRO";"Junqueiro";"AL"
"2704104";"LAGOA DA CANOA";"Lagoa da Canoa";"AL"
"2704203";"LIMOEIRO DE ANADIA";"Limoeiro de Anadia";"AL"
"2704302";"MACEIO";"Maceió";"AL"
"2704401";"MAJOR ISIDORO";"Major Isidoro";"AL"
"2704500";"MARAGOGI";"Maragogi";"AL"
"2704609";"MARAVILHA";"Maravilha";"AL"
"2704708";"MARECHAL DEODORO";"Marechal Deodoro";"AL"
"2704807";"MARIBONDO";"Maribondo";"AL"
"2704906";"MAR VERMELHO";"Mar Vermelho";"AL"
"2705002";"MATA GRANDE";"Mata Grande";"AL"
"2705101";"MATRIZ DE CAMARAGIBE";"Matriz de Camaragibe";"AL"
"2705200";"MESSIAS";"Messias";"AL"
"2705309";"MINADOR DO NEGRAO";"Minador do Negrão";"AL"
"2705408";"MONTEIROPOLIS";"Monteirópolis";"AL"
"2705507";"MURICI";"Murici";"AL"
"2705606";"NOVO LINO";"Novo Lino";"AL"
"2705705";"OLHO D'AGUA DAS FLORES";"Olho d'Água das Flores";"AL"
"2705804";"OLHO D'AGUA DO CASADO";"Olho d'Água do Casado";"AL"
"2705903";"OLHO D'AGUA GRANDE";"Olho d'Água Grande";"AL"
"2706000";"OLIVENCA";"Olivença";"AL"
"2706109";"OURO BRANCO";"Ouro Branco";"AL"
"2706208";"PALESTINA";"Palestina";"AL"
"2706307";"PALMEIRA DOS INDIOS";"Palmeira dos Índios";"AL"
"2706406";"PAO DE ACUCAR";"Pão de Açúcar";"AL"
"2706422";"PARICONHA";"Pariconha";"AL"
"2706448";"PARIPUEIRA";"Paripueira";"AL"
"2706505";"PASSO DE CAMARAGIBE";"Passo de Camaragibe";"AL"
"2706604";"PAULO JACINTO";"Paulo Jacinto";"AL"
"2706703";"PENEDO";"Penedo";"AL"
"2706802";"PIACABUCU";"Piaçabuçu";"AL"
"2706901";"PILAR";"Pilar";"AL"
"2707008";"PINDOBA";"Pindoba";"AL"
"2615508";"TRACUNHAEM";"Tracunhaém";"PE"
"2615607";"TRINDADE";"Trindade";"PE"
"2615706";"TRIUNFO";"Triunfo";"PE"
"2615805";"TUPANATINGA";"Tupanatinga";"PE"
"2615904";"TUPARETAMA";"Tuparetama";"PE"
"2616001";"VENTUROSA";"Venturosa";"PE"
"2616100";"VERDEJANTE";"Verdejante";"PE"
"2616183";"VERTENTE DO LERIO";"Vertente do Lério";"PE"
"2616209";"VERTENTES";"Vertentes";"PE"
"2616308";"VICENCIA";"Vicência";"PE"
"2906907";"CARAVELAS";"Caravelas";"BA"
"2907004";"CARDEAL DA SILVA";"Cardeal da Silva";"BA"
"2907103";"CARINHANHA";"Carinhanha";"BA"
"2907202";"CASA NOVA";"Casa Nova";"BA"
"2907301";"CASTRO ALVES";"Castro Alves";"BA"
"2907400";"CATOLANDIA";"Catolândia";"BA"
"2907509";"CATU";"Catu";"BA"
"2907558";"CATURAMA";"Caturama";"BA"
"2907608";"CENTRAL";"Central";"BA"
"2907707";"CHORROCHO";"Chorrochó";"BA"
"2907806";"CICERO DANTAS";"Cícero Dantas";"BA"
"2907905";"CIPO";"Cipó";"BA"
"2908002";"COARACI";"Coaraci";"BA"
"2908101";"COCOS";"Cocos";"BA"
"2908200";"CONCEICAO DA FEIRA";"Conceição da Feira";"BA"
"2908309";"CONCEICAO DO ALMEIDA";"Conceição do Almeida";"BA"
"2908408";"CONCEICAO DO COITE";"Conceição do Coité";"BA"
"2908507";"CONCEICAO DO JACUIPE";"Conceição do Jacuípe";"BA"
"2908606";"CONDE";"Conde";"BA"
"2908705";"CONDEUBA";"Condeúba";"BA"
"2908804";"CONTENDAS DO SINCORA";"Contendas do Sincorá";"BA"
"2908903";"CORACAO DE MARIA";"Coração de Maria";"BA"
"2909000";"CORDEIROS";"Cordeiros";"BA"
"2909109";"CORIBE";"Coribe";"BA"
"2909208";"CORONEL JOAO SA";"Coronel João Sá";"BA"
"2909307";"CORRENTINA";"Correntina";"BA"
"2909406";"COTEGIPE";"Cotegipe";"BA"
"2909505";"CRAVOLANDIA";"Cravolândia";"BA"
"2909604";"CRISOPOLIS";"Crisópolis";"BA"
"2909703";"CRISTOPOLIS";"Cristópolis";"BA"
"2909802";"CRUZ DAS ALMAS";"Cruz das Almas";"BA"
"2909901";"CURACA";"Curaçá";"BA"
"2910008";"DARIO MEIRA";"Dário Meira";"BA"
"2910057";"DIAS D'AVILA";"Dias d'Ávila";"BA"
"2910107";"DOM BASILIO";"Dom Basílio";"BA"
"2910206";"DOM MACEDO COSTA";"Dom Macedo Costa";"BA"
"2910305";"ELISIO MEDRADO";"Elísio Medrado";"BA"
"2910404";"ENCRUZILHADA";"Encruzilhada";"BA"
"2910503";"ENTRE RIOS";"Entre Rios";"BA"
"2910602";"ESPLANADA";"Esplanada";"BA"
"2910701";"EUCLIDES DA CUNHA";"Euclides da Cunha";"BA"
"2910727";"EUNAPOLIS";"Eunápolis";"BA"
"2910750";"FATIMA";"Fátima";"BA"
"2910776";"FEIRA DA MATA";"Feira da Mata";"BA"
"2910800";"FEIRA DE SANTANA";"Feira de Santana";"BA"
"2910859";"FILADELFIA";"Filadélfia";"BA"
"2910909";"FIRMINO ALVES";"Firmino Alves";"BA"
"2911006";"FLORESTA AZUL";"Floresta Azul";"BA"
"2911105";"FORMOSA DO RIO PRETO";"Formosa do Rio Preto";"BA"
"2911204";"GANDU";"Gandu";"BA"
"2911253";"GAVIAO";"Gavião";"BA"
"2911303";"GENTIO DO OURO";"Gentio do Ouro";"BA"
"2911402";"GLORIA";"Glória";"BA"
"2911501";"GONGOGI";"Gongogi";"BA"
"2911600";"GOVERNADOR MANGABEIRA";"Governador Mangabeira";"BA"
"2911659";"GUAJERU";"Guajeru";"BA"
"2911709";"GUANAMBI";"Guanambi";"BA"
"2911808";"GUARATINGA";"Guaratinga";"BA"
"2911857";"HELIOPOLIS";"Heliópolis";"BA"
"2911907";"IACU";"Iaçu";"BA"
"2912004";"IBIASSUCE";"Ibiassucê";"BA"
"2912103";"IBICARAI";"Ibicaraí";"BA"
"2912202";"IBICOARA";"Ibicoara";"BA"
"2912301";"IBICUI";"Ibicuí";"BA"
"2912400";"IBIPEBA";"Ibipeba";"BA"
"2912509";"IBIPITANGA";"Ibipitanga";"BA"
"2912608";"IBIQUERA";"Ibiquera";"BA"
"2912707";"IBIRAPITANGA";"Ibirapitanga";"BA"
"2912806";"IBIRAPUA";"Ibirapuã";"BA"
"2912905";"IBIRATAIA";"Ibirataia";"BA"
"2913002";"IBITIARA";"Ibitiara";"BA"
"2913101";"IBITITA";"Ibititá";"BA"
"2913200";"IBOTIRAMA";"Ibotirama";"BA"
"2913309";"ICHU";"Ichu";"BA"
"2913408";"IGAPORA";"Igaporã";"BA"
"2913457";"IGRAPIUNA";"Igrapiúna";"BA"
"2913507";"IGUAI";"Iguaí";"BA"
"2913606";"ILHEUS";"Ilhéus";"BA"
"2913705";"INHAMBUPE";"Inhambupe";"BA"
"2913804";"IPECAETA";"Ipecaetá";"BA"
"2913903";"IPIAU";"Ipiaú";"BA"
"2914000";"IPIRA";"Ipirá";"BA"
"2914109";"IPUPIARA";"Ipupiara";"BA"
"2914208";"IRAJUBA";"Irajuba";"BA"
"2914307";"IRAMAIA";"Iramaia";"BA"
"2914406";"IRAQUARA";"Iraquara";"BA"
"2914505";"IRARA";"Irará";"BA"
"2914604";"IRECE";"Irecê";"BA"
"2914653";"ITABELA";"Itabela";"BA"
"2914703";"ITABERABA";"Itaberaba";"BA"
"2914802";"ITABUNA";"Itabuna";"BA"
"2914901";"ITACARE";"Itacaré";"BA"
"2915007";"ITAETE";"Itaeté";"BA"
"2915106";"ITAGI";"Itagi";"BA"
"2915205";"ITAGIBA";"Itagibá";"BA"
"2915304";"ITAGIMIRIM";"Itagimirim";"BA"
"2915353";"ITAGUACU DA BAHIA";"Itaguaçu da Bahia";"BA"
"2915403";"ITAJU DO COLONIA";"Itaju do Colônia";"BA"
"2915502";"ITAJUIPE";"Itajuípe";"BA"
"2915601";"ITAMARAJU";"Itamaraju";"BA"
"2915700";"ITAMARI";"Itamari";"BA"
"2915809";"ITAMBE";"Itambé";"BA"
"2915908";"ITANAGRA";"Itanagra";"BA"
"2916005";"ITANHEM";"Itanhém";"BA"
"2916104";"ITAPARICA";"Itaparica";"BA"
"2916203";"ITAPE";"Itapé";"BA"
"2916302";"ITAPEBI";"Itapebi";"BA"
"2916401";"ITAPETINGA";"Itapetinga";"BA"
"2916500";"ITAPICURU";"Itapicuru";"BA"
"2916609";"ITAPITANGA";"Itapitanga";"BA"
"2916708";"ITAQUARA";"Itaquara";"BA"
"2916807";"ITARANTIM";"Itarantim";"BA"
"2916856";"ITATIM";"Itatim";"BA"
"2916906";"ITIRUCU";"Itiruçu";"BA"
"2917003";"ITIUBA";"Itiúba";"BA"
"2917102";"ITORORO";"Itororó";"BA"
"2917201";"ITUACU";"Ituaçu";"BA"
"2917300";"ITUBERA";"Ituberá";"BA"
"2917334";"IUIU";"Iuiú";"BA"
"2917359";"JABORANDI";"Jaborandi";"BA"
"2917409";"JACARACI";"Jacaraci";"BA"
"2917508";"JACOBINA";"Jacobina";"BA"
"2917607";"JAGUAQUARA";"Jaguaquara";"BA"
"2917706";"JAGUARARI";"Jaguarari";"BA"
"2917805";"JAGUARIPE";"Jaguaripe";"BA"
"2917904";"JANDAIRA";"Jandaíra";"BA"
"2918001";"JEQUIE";"Jequié";"BA"
"2918100";"JEREMOABO";"Jeremoabo";"BA"
"2918209";"JIQUIRICA";"Jiquiriçá";"BA"
"2918308";"JITAUNA";"Jitaúna";"BA"
"2918357";"JOAO DOURADO";"João Dourado";"BA"
"2918407";"JUAZEIRO";"Juazeiro";"BA"
"2918456";"JUCURUCU";"Jucuruçu";"BA"
"2918506";"JUSSARA";"Jussara";"BA"
"2918555";"JUSSARI";"Jussari";"BA"
"2918605";"JUSSIAPE";"Jussiape";"BA"
"2918704";"LAFAIETE COUTINHO";"Lafaiete Coutinho";"BA"
"2918753";"LAGOA REAL";"Lagoa Real";"BA"
"2918803";"LAJE";"Laje";"BA"
"2918902";"LAJEDAO";"Lajedão";"BA"
"2919009";"LAJEDINHO";"Lajedinho";"BA"
"2919058";"LAJEDO DO TABOCAL";"Lajedo do Tabocal";"BA"
"2919108";"LAMARAO";"Lamarão";"BA"
"2919157";"LAPAO";"Lapão";"BA"
"2919207";"LAURO DE FREITAS";"Lauro de Freitas";"BA"
"2919306";"LENCOIS";"Lençóis";"BA"
"2919405";"LICINIO DE ALMEIDA";"Licínio de Almeida";"BA"
"2919504";"LIVRAMENTO DE NOSSA SENHORA";"Livramento de Nossa Senhora";"BA"
"2919553";"LUIS EDUARDO MAGALHAES";"Luís Eduardo Magalhães";"BA"
"2919603";"MACAJUBA";"Macajuba";"BA"
"2919702";"MACARANI";"Macarani";"BA"
"2919801";"MACAUBAS";"Macaúbas";"BA"
"2919900";"MACURURE";"Macururé";"BA"
"2919926";"MADRE DE DEUS";"Madre de Deus";"BA"
"2919959";"MAETINGA";"Maetinga";"BA"
"2920007";"MAIQUINIQUE";"Maiquinique";"BA"
"2920106";"MAIRI";"Mairi";"BA"
"2920205";"MALHADA";"Malhada";"BA"
"2920304";"MALHADA DE PEDRAS";"Malhada de Pedras";"BA"
"2920403";"MANOEL VITORINO";"Manoel Vitorino";"BA"
"2920452";"MANSIDAO";"Mansidão";"BA"
"2920502";"MARACAS";"Maracás";"BA"
"2920601";"MARAGOGIPE";"Maragogipe";"BA"
"2920700";"MARAU";"Maraú";"BA"
"2920809";"MARCIONILIO SOUZA";"Marcionílio Souza";"BA"
"2920908";"MASCOTE";"Mascote";"BA"
"2921005";"MATA DE SAO JOAO";"Mata de São João";"BA"
"2921054";"MATINA";"Matina";"BA"
"2921104";"MEDEIROS NETO";"Medeiros Neto";"BA"
"2921203";"MIGUEL CALMON";"Miguel Calmon";"BA"
"2921302";"MILAGRES";"Milagres";"BA"
"2921401";"MIRANGABA";"Mirangaba";"BA"
"2921450";"MIRANTE";"Mirante";"BA"
"2921500";"MONTE SANTO";"Monte Santo";"BA"
"2921609";"MORPARA";"Morpará";"BA"
"2921708";"MORRO DO CHAPEU";"Morro do Chapéu";"BA"
"2921807";"MORTUGABA";"Mortugaba";"BA"
"2921906";"MUCUGE";"Mucugê";"BA"
"2922003";"MUCURI";"Mucuri";"BA"
"2922052";"MULUNGU DO MORRO";"Mulungu do Morro";"BA"
"2922102";"MUNDO NOVO";"Mundo Novo";"BA"
"2922201";"MUNIZ FERREIRA";"Muniz Ferreira";"BA"
"2922250";"MUQUEM DE SAO FRANCISCO";"Muquém de São Francisco";"BA"
"4115804";"MEDIANEIRA";"Medianeira";"PR"
"4115853";"MERCEDES";"Mercedes";"PR"
"4115903";"MIRADOR";"Mirador";"PR"
"4116000";"MIRASELVA";"Miraselva";"PR"
"4116059";"MISSAL";"Missal";"PR"
"4116109";"MOREIRA SALES";"Moreira Sales";"PR"
"4116208";"MORRETES";"Morretes";"PR"
"4116307";"MUNHOZ DE MELO";"Munhoz de Melo";"PR"
"4116406";"NOSSA SENHORA DAS GRACAS";"Nossa Senhora das Graças";"PR"
"4116505";"NOVA ALIANCA DO IVAI";"Nova Aliança do Ivaí";"PR"
"4116604";"NOVA AMERICA DA COLINA";"Nova América da Colina";"PR"
"4116703";"NOVA AURORA";"Nova Aurora";"PR"
"4116802";"NOVA CANTU";"Nova Cantu";"PR"
"4116901";"NOVA ESPERANCA";"Nova Esperança";"PR"
"4116950";"NOVA ESPERANCA DO SUDOESTE";"Nova Esperança do Sudoeste";"PR"
"4117008";"NOVA FATIMA";"Nova Fátima";"PR"
"4117057";"NOVA LARANJEIRAS";"Nova Laranjeiras";"PR"
"4117107";"NOVA LONDRINA";"Nova Londrina";"PR"
"4117206";"NOVA OLIMPIA";"Nova Olímpia";"PR"
"4117214";"NOVA SANTA BARBARA";"Nova Santa Bárbara";"PR"
"4117222";"NOVA SANTA ROSA";"Nova Santa Rosa";"PR"
"4117255";"NOVA PRATA DO IGUACU";"Nova Prata do Iguaçu";"PR"
"4117271";"NOVA TEBAS";"Nova Tebas";"PR"
"4117297";"NOVO ITACOLOMI";"Novo Itacolomi";"PR"
"4117305";"ORTIGUEIRA";"Ortigueira";"PR"
"4117404";"OURIZONA";"Ourizona";"PR"
"4117453";"OURO VERDE DO OESTE";"Ouro Verde do Oeste";"PR"
"4117503";"PAICANDU";"Paiçandu";"PR"
"4117602";"PALMAS";"Palmas";"PR"
"4117701";"PALMEIRA";"Palmeira";"PR"
"4117800";"PALMITAL";"Palmital";"PR"
"4117909";"PALOTINA";"Palotina";"PR"
"4118006";"PARAISO DO NORTE";"Paraíso do Norte";"PR"
"4118105";"PARANACITY";"Paranacity";"PR"
"4118204";"PARANAGUA";"Paranaguá";"PR"
"4118303";"PARANAPOEMA";"Paranapoema";"PR"
"4118402";"PARANAVAI";"Paranavaí";"PR"
"4118451";"PATO BRAGADO";"Pato Bragado";"PR"
"4118501";"PATO BRANCO";"Pato Branco";"PR"
"4118600";"PAULA FREITAS";"Paula Freitas";"PR"
"4118709";"PAULO FRONTIN";"Paulo Frontin";"PR"
"4118808";"PEABIRU";"Peabiru";"PR"
"4118857";"PEROBAL";"Perobal";"PR"
"4118907";"PEROLA";"Pérola";"PR"
"4119004";"PEROLA D'OESTE";"Pérola d'Oeste";"PR"
"4119103";"PIEN";"Piên";"PR"
"4119152";"PINHAIS";"Pinhais";"PR"
"4119202";"PINHALAO";"Pinhalão";"PR"
"4119251";"PINHAL DE SAO BENTO";"Pinhal de São Bento";"PR"
"4119301";"PINHAO";"Pinhão";"PR"
"2308401";"MISSAO VELHA";"Missão Velha";"CE"
"2308500";"MOMBACA";"Mombaça";"CE"
"2308609";"MONSENHOR TABOSA";"Monsenhor Tabosa";"CE"
"2308708";"MORADA NOVA";"Morada Nova";"CE"
"2308807";"MORAUJO";"Moraújo";"CE"
"2308906";"MORRINHOS";"Morrinhos";"CE"
"2309003";"MUCAMBO";"Mucambo";"CE"
"2309102";"MULUNGU";"Mulungu";"CE"
"2309201";"NOVA OLINDA";"Nova Olinda";"CE"
"2309300";"NOVA RUSSAS";"Nova Russas";"CE"
"2309409";"NOVO ORIENTE";"Novo Oriente";"CE"
"2309458";"OCARA";"Ocara";"CE"
"2309508";"OROS";"Orós";"CE"
"2309607";"PACAJUS";"Pacajus";"CE"
"2309706";"PACATUBA";"Pacatuba";"CE"
"2309805";"PACOTI";"Pacoti";"CE"
"2309904";"PACUJA";"Pacujá";"CE"
"2310001";"PALHANO";"Palhano";"CE"
"2310100";"PALMACIA";"Palmácia";"CE"
"2310209";"PARACURU";"Paracuru";"CE"
"2310258";"PARAIPABA";"Paraipaba";"CE"
"2310308";"PARAMBU";"Parambu";"CE"
"2310407";"PARAMOTI";"Paramoti";"CE"
"2310506";"PEDRA BRANCA";"Pedra Branca";"CE"
"2310605";"PENAFORTE";"Penaforte";"CE"
"2310704";"PENTECOSTE";"Pentecoste";"CE"
"2310803";"PEREIRO";"Pereiro";"CE"
"2310852";"PINDORETAMA";"Pindoretama";"CE"
"2310902";"PIQUET CARNEIRO";"Piquet Carneiro";"CE"
"2310951";"PIRES FERREIRA";"Pires Ferreira";"CE"
"2311009";"PORANGA";"Poranga";"CE"
"2311108";"PORTEIRAS";"Porteiras";"CE"
"2311207";"POTENGI";"Potengi";"CE"
"2311231";"POTIRETAMA";"Potiretama";"CE"
"2311264";"QUITERIANOPOLIS";"Quiterianópolis";"CE"
"2311306";"QUIXADA";"Quixadá";"CE"
"2311355";"QUIXELO";"Quixelô";"CE"
"2311405";"QUIXERAMOBIM";"Quixeramobim";"CE"
"2311504";"QUIXERE";"Quixeré";"CE"
"2311603";"REDENCAO";"Redenção";"CE"
"2311702";"RERIUTABA";"Reriutaba";"CE"
"2311801";"RUSSAS";"Russas";"CE"
"2311900";"SABOEIRO";"Saboeiro";"CE"
"2311959";"SALITRE";"Salitre";"CE"
"2312007";"SANTANA DO ACARAU";"Santana do Acaraú";"CE"
"2312106";"SANTANA DO CARIRI";"Santana do Cariri";"CE"
"2312205";"SANTA QUITERIA";"Santa Quitéria";"CE"
"2312304";"SAO BENEDITO";"São Benedito";"CE"
"2312403";"SAO GONCALO DO AMARANTE";"São Gonçalo do Amarante";"CE"
"2312502";"SAO JOAO DO JAGUARIBE";"São João do Jaguaribe";"CE"
"2312601";"SAO LUIS DO CURU";"São Luís do Curu";"CE"
"2312700";"SENADOR POMPEU";"Senador Pompeu";"CE"
"2312809";"SENADOR SA";"Senador Sá";"CE"
"2312908";"SOBRAL";"Sobral";"CE"
"2313005";"SOLONOPOLE";"Solonópole";"CE"
"2313104";"TABULEIRO DO NORTE";"Tabuleiro do Norte";"CE"
"2313203";"TAMBORIL";"Tamboril";"CE"
"2313252";"TARRAFAS";"Tarrafas";"CE"
"2313302";"TAUA";"Tauá";"CE"
"2313351";"TEJUCUOCA";"Tejuçuoca";"CE"
"2313401";"TIANGUA";"Tianguá";"CE"
"2313500";"TRAIRI";"Trairi";"CE"
"2313559";"TURURU";"Tururu";"CE"
"2313609";"UBAJARA";"Ubajara";"CE"
"2313708";"UMARI";"Umari";"CE"
"2313757";"UMIRIM";"Umirim";"CE"
"2313807";"URUBURETAMA";"Uruburetama";"CE"
"2313906";"URUOCA";"Uruoca";"CE"
"2313955";"VARJOTA";"Varjota";"CE"
"2314003";"VARZEA ALEGRE";"Várzea Alegre";"CE"
"2314102";"VICOSA DO CEARA";"Viçosa do Ceará";"CE"
"2400109";"ACARI";"Acari";"RN"
"2400208";"ACU";"Açu";"RN"
"2400307";"AFONSO BEZERRA";"Afonso Bezerra";"RN"
"2400406";"AGUA NOVA";"Água Nova";"RN"
"2400505";"ALEXANDRIA";"Alexandria";"RN"
"2400604";"ALMINO AFONSO";"Almino Afonso";"RN"
"2400703";"ALTO DO RODRIGUES";"Alto do Rodrigues";"RN"
"2400802";"ANGICOS";"Angicos";"RN"
"2400901";"ANTONIO MARTINS";"Antônio Martins";"RN"
"2401008";"APODI";"Apodi";"RN"
"2401107";"AREIA BRANCA";"Areia Branca";"RN"
"2401206";"ARES";"Arês";"RN"
"2401305";"AUGUSTO SEVERO";"Augusto Severo";"RN"
"2401404";"BAIA FORMOSA";"Baía Formosa";"RN"
"2401453";"BARAUNA";"Baraúna";"RN"
"2401503";"BARCELONA";"Barcelona";"RN"
"2401602";"BENTO FERNANDES";"Bento Fernandes";"RN"
"2401651";"BODO";"Bodó";"RN"
"2401701";"BOM JESUS";"Bom Jesus";"RN"
"2401800";"BREJINHO";"Brejinho";"RN"
"2401859";"CAICARA DO NORTE";"Caiçara do Norte";"RN"
"2401909";"CAICARA DO RIO DO VENTO";"Caiçara do Rio do Vento";"RN"
"2402006";"CAICO";"Caicó";"RN"
"2402105";"CAMPO REDONDO";"Campo Redondo";"RN"
"2402204";"CANGUARETAMA";"Canguaretama";"RN"
"2402303";"CARAUBAS";"Caraúbas";"RN"
"2402402";"CARNAUBA DOS DANTAS";"Carnaúba dos Dantas";"RN"
"2402501";"CARNAUBAIS";"Carnaubais";"RN"
"2402600";"CEARA-MIRIM";"Ceará-Mirim";"RN"
"2402709";"CERRO CORA";"Cerro Corá";"RN"
"2402808";"CORONEL EZEQUIEL";"Coronel Ezequiel";"RN"
"1719004";"SANTA TEREZA DO TOCANTINS";"Santa Tereza do Tocantins";"TO"
"1720002";"SANTA TEREZINHA DO TOCANTINS";"Santa Terezinha do Tocantins";"TO"
"1720101";"SAO BENTO DO TOCANTINS";"São Bento do Tocantins";"TO"
"1720150";"SAO FELIX DO TOCANTINS";"São Félix do Tocantins";"TO"
"1720200";"SAO MIGUEL DO TOCANTINS";"São Miguel do Tocantins";"TO"
"1720259";"SAO SALVADOR DO TOCANTINS";"São Salvador do Tocantins";"TO"
"1720309";"SAO SEBASTIAO DO TOCANTINS";"São Sebastião do Tocantins";"TO"
"1720499";"SAO VALERIO DA NATIVIDADE";"São Valério da Natividade";"TO"
"1720655";"SILVANOPOLIS";"Silvanópolis";"TO"
"1720804";"SITIO NOVO DO TOCANTINS";"Sítio Novo do Tocantins";"TO"
"1720853";"SUCUPIRA";"Sucupira";"TO"
"1720903";"TAGUATINGA";"Taguatinga";"TO"
"1720937";"TAIPAS DO TOCANTINS";"Taipas do Tocantins";"TO"
"1720978";"TALISMA";"Talismã";"TO"
"1721000";"PALMAS";"Palmas";"TO"
"1721109";"TOCANTINIA";"Tocantínia";"TO"
"1721208";"TOCANTINOPOLIS";"Tocantinópolis";"TO"
"1721257";"TUPIRAMA";"Tupirama";"TO"
"1721307";"TUPIRATINS";"Tupiratins";"TO"
"1722081";"WANDERLANDIA";"Wanderlândia";"TO"
"1722107";"XAMBIOA";"Xambioá";"TO"
"2100055";"ACAILANDIA";"Açailândia";"MA"
"2100105";"AFONSO CUNHA";"Afonso Cunha";"MA"
"2100154";"AGUA DOCE DO MARANHAO";"Água Doce do Maranhão";"MA"
"2100204";"ALCANTARA";"Alcântara";"MA"
"2100303";"ALDEIAS ALTAS";"Aldeias Altas";"MA"
"2100402";"ALTAMIRA DO MARANHAO";"Altamira do Maranhão";"MA"
"2100436";"ALTO ALEGRE DO MARANHAO";"Alto Alegre do Maranhão";"MA"
"2100477";"ALTO ALEGRE DO PINDARE";"Alto Alegre do Pindaré";"MA"
"2100501";"ALTO PARNAIBA";"Alto Parnaíba";"MA"
"2100550";"AMAPA DO MARANHAO";"Amapá do Maranhão";"MA"
"2100600";"AMARANTE DO MARANHAO";"Amarante do Maranhão";"MA"
"2100709";"ANAJATUBA";"Anajatuba";"MA"
"2100808";"ANAPURUS";"Anapurus";"MA"
"2100832";"APICUM-ACU";"Apicum-Açu";"MA"
"2100873";"ARAGUANA";"Araguanã";"MA"
"2100907";"ARAIOSES";"Araioses";"MA"
"2100956";"ARAME";"Arame";"MA"
"2101004";"ARARI";"Arari";"MA"
"2101103";"AXIXA";"Axixá";"MA"
"2101202";"BACABAL";"Bacabal";"MA"
"2101251";"BACABEIRA";"Bacabeira";"MA"
"2101301";"BACURI";"Bacuri";"MA"
"2101350";"BACURITUBA";"Bacurituba";"MA"
"2101400";"BALSAS";"Balsas";"MA"
"2101509";"BARAO DE GRAJAU";"Barão de Grajaú";"MA"
"2101608";"BARRA DO CORDA";"Barra do Corda";"MA"
"2101707";"BARREIRINHAS";"Barreirinhas";"MA"
"2101731";"BELAGUA";"Belágua";"MA"
"2101772";"BELA VISTA DO MARANHAO";"Bela Vista do Maranhão";"MA"
"2101806";"BENEDITO LEITE";"Benedito Leite";"MA"
"2101905";"BEQUIMAO";"Bequimão";"MA"
"2101939";"BERNARDO DO MEARIM";"Bernardo do Mearim";"MA"
"2101970";"BOA VISTA DO GURUPI";"Boa Vista do Gurupi";"MA"
"2102002";"BOM JARDIM";"Bom Jardim";"MA"
"2102036";"BOM JESUS DAS SELVAS";"Bom Jesus das Selvas";"MA"
"2102077";"BOM LUGAR";"Bom Lugar";"MA"
"2102101";"BREJO";"Brejo";"MA"
"2102150";"BREJO DE AREIA";"Brejo de Areia";"MA"
"2102200";"BURITI";"Buriti";"MA"
"2102309";"BURITI BRAVO";"Buriti Bravo";"MA"
"2102325";"BURITICUPU";"Buriticupu";"MA"
"2102358";"BURITIRANA";"Buritirana";"MA"
"2102374";"CACHOEIRA GRANDE";"Cachoeira Grande";"MA"
"2102408";"CAJAPIO";"Cajapió";"MA"
"2102507";"CAJARI";"Cajari";"MA"
"2102556";"CAMPESTRE DO MARANHAO";"Campestre do Maranhão";"MA"
"2102606";"CANDIDO MENDES";"Cândido Mendes";"MA"
"2102705";"CANTANHEDE";"Cantanhede";"MA"
"2102754";"CAPINZAL DO NORTE";"Capinzal do Norte";"MA"
"2102804";"CAROLINA";"Carolina";"MA"
"2102903";"CARUTAPERA";"Carutapera";"MA"
"2103000";"CAXIAS";"Caxias";"MA"
"2103109";"CEDRAL";"Cedral";"MA"
"2103125";"CENTRAL DO MARANHAO";"Central do Maranhão";"MA"
"2922300";"MURITIBA";"Muritiba";"BA"
"2922409";"MUTUIPE";"Mutuípe";"BA"
"2922508";"NAZARE";"Nazaré";"BA"
"2922607";"NILO PECANHA";"Nilo Peçanha";"BA"
"2922656";"NORDESTINA";"Nordestina";"BA"
"2922706";"NOVA CANAA";"Nova Canaã";"BA"
"2922730";"NOVA FATIMA";"Nova Fátima";"BA"
"2922755";"NOVA IBIA";"Nova Ibiá";"BA"
"2922805";"NOVA ITARANA";"Nova Itarana";"BA"
"2922854";"NOVA REDENCAO";"Nova Redenção";"BA"
"2922904";"NOVA SOURE";"Nova Soure";"BA"
"2923001";"NOVA VICOSA";"Nova Viçosa";"BA"
"2923035";"NOVO HORIZONTE";"Novo Horizonte";"BA"
"2923050";"NOVO TRIUNFO";"Novo Triunfo";"BA"
"2923100";"OLINDINA";"Olindina";"BA"
"2923209";"OLIVEIRA DOS BREJINHOS";"Oliveira dos Brejinhos";"BA"
"2923308";"OURICANGAS";"Ouriçangas";"BA"
"2923357";"OUROLANDIA";"Ourolândia";"BA"
"2923407";"PALMAS DE MONTE ALTO";"Palmas de Monte Alto";"BA"
"2923506";"PALMEIRAS";"Palmeiras";"BA"
"2923605";"PARAMIRIM";"Paramirim";"BA"
"2923704";"PARATINGA";"Paratinga";"BA"
"2923803";"PARIPIRANGA";"Paripiranga";"BA"
"2923902";"PAU BRASIL";"Pau Brasil";"BA"
"2924009";"PAULO AFONSO";"Paulo Afonso";"BA"
"2924058";"PE DE SERRA";"Pé de Serra";"BA"
"2924108";"PEDRAO";"Pedrão";"BA"
"2924207";"PEDRO ALEXANDRE";"Pedro Alexandre";"BA"
"2924306";"PIATA";"Piatã";"BA"
"2924405";"PILAO ARCADO";"Pilão Arcado";"BA"
"2924504";"PINDAI";"Pindaí";"BA"
"2924603";"PINDOBACU";"Pindobaçu";"BA"
"2924652";"PINTADAS";"Pintadas";"BA"
"2924678";"PIRAI DO NORTE";"Piraí do Norte";"BA"
"2924702";"PIRIPA";"Piripá";"BA"
"2924801";"PIRITIBA";"Piritiba";"BA"
"2924900";"PLANALTINO";"Planaltino";"BA"
"2925006";"PLANALTO";"Planalto";"BA"
"2925105";"POCOES";"Poções";"BA"
"2925204";"POJUCA";"Pojuca";"BA"
"2925253";"PONTO NOVO";"Ponto Novo";"BA"
"2925303";"PORTO SEGURO";"Porto Seguro";"BA"
"2925402";"POTIRAGUA";"Potiraguá";"BA"
"2925501";"PRADO";"Prado";"BA"
"2925600";"PRESIDENTE DUTRA";"Presidente Dutra";"BA"
"2925709";"PRESIDENTE JANIO QUADROS";"Presidente Jânio Quadros";"BA"
"2925758";"PRESIDENTE TANCREDO NEVES";"Presidente Tancredo Neves";"BA"
"2925808";"QUEIMADAS";"Queimadas";"BA"
"2925907";"QUIJINGUE";"Quijingue";"BA"
"2925931";"QUIXABEIRA";"Quixabeira";"BA"
"2925956";"RAFAEL JAMBEIRO";"Rafael Jambeiro";"BA"
"2926004";"REMANSO";"Remanso";"BA"
"2926103";"RETIROLANDIA";"Retirolândia";"BA"
"2926202";"RIACHAO DAS NEVES";"Riachão das Neves";"BA"
"2926301";"RIACHAO DO JACUIPE";"Riachão do Jacuípe";"BA"
"2926400";"RIACHO DE SANTANA";"Riacho de Santana";"BA"
"2926509";"RIBEIRA DO AMPARO";"Ribeira do Amparo";"BA"
"2926608";"RIBEIRA DO POMBAL";"Ribeira do Pombal";"BA"
"2926657";"RIBEIRAO DO LARGO";"Ribeirão do Largo";"BA"
"2926707";"RIO DE CONTAS";"Rio de Contas";"BA"
"2926806";"RIO DO ANTONIO";"Rio do Antônio";"BA"
"2926905";"RIO DO PIRES";"Rio do Pires";"BA"
"2927002";"RIO REAL";"Rio Real";"BA"
"2927101";"RODELAS";"Rodelas";"BA"
"2927200";"RUY BARBOSA";"Ruy Barbosa";"BA"
"2927309";"SALINAS DA MARGARIDA";"Salinas da Margarida";"BA"
"2927408";"SALVADOR";"Salvador";"BA"
"2927507";"SANTA BARBARA";"Santa Bárbara";"BA"
"2927606";"SANTA BRIGIDA";"Santa Brígida";"BA"
"2927705";"SANTA CRUZ CABRALIA";"Santa Cruz Cabrália";"BA"
"2927804";"SANTA CRUZ DA VITORIA";"Santa Cruz da Vitória";"BA"
"2927903";"SANTA INES";"Santa Inês";"BA"
"2928000";"SANTALUZ";"Santaluz";"BA"
"2928059";"SANTA LUZIA";"Santa Luzia";"BA"
"2928109";"SANTA MARIA DA VITORIA";"Santa Maria da Vitória";"BA"
"2928208";"SANTANA";"Santana";"BA"
"2928307";"SANTANOPOLIS";"Santanópolis";"BA"
"2928406";"SANTA RITA DE CASSIA";"Santa Rita de Cássia";"BA"
"2928505";"SANTA TERESINHA";"Santa Teresinha";"BA"
"2928604";"SANTO AMARO";"Santo Amaro";"BA"
"2928703";"SANTO ANTONIO DE JESUS";"Santo Antônio de Jesus";"BA"
"2928802";"SANTO ESTEVAO";"Santo Estêvão";"BA"
"2928901";"SAO DESIDERIO";"São Desidério";"BA"
"2928950";"SAO DOMINGOS";"São Domingos";"BA"
"2929008";"SAO FELIX";"São Félix";"BA"
"2929057";"SAO FELIX DO CORIBE";"São Félix do Coribe";"BA"
"2929107";"SAO FELIPE";"São Felipe";"BA"
"2929206";"SAO FRANCISCO DO CONDE";"São Francisco do Conde";"BA"
"2929255";"SAO GABRIEL";"São Gabriel";"BA"
"2929305";"SAO GONCALO DOS CAMPOS";"São Gonçalo dos Campos";"BA"
"2929354";"SAO JOSE DA VITORIA";"São José da Vitória";"BA"
"2929370";"SAO JOSE DO JACUIPE";"São José do Jacuípe";"BA"
"2929404";"SAO MIGUEL DAS MATAS";"São Miguel das Matas";"BA"
"2929503";"SAO SEBASTIAO DO PASSE";"São Sebastião do Passé";"BA"
"2929602";"SAPEACU";"Sapeaçu";"BA"
"2929701";"SATIRO DIAS";"Sátiro Dias";"BA"
"2929750";"SAUBARA";"Saubara";"BA"
"2929800";"SAUDE";"Saúde";"BA"
"2929909";"SEABRA";"Seabra";"BA"
"2930006";"SEBASTIAO LARANJEIRAS";"Sebastião Laranjeiras";"BA"
"2930105";"SENHOR DO BONFIM";"Senhor do Bonfim";"BA"
"2930154";"SERRA DO RAMALHO";"Serra do Ramalho";"BA"
"2930204";"SENTO SE";"Sento Sé";"BA"
"2930303";"SERRA DOURADA";"Serra Dourada";"BA"
"2930402";"SERRA PRETA";"Serra Preta";"BA"
"2930501";"SERRINHA";"Serrinha";"BA"
"2930600";"SERROLANDIA";"Serrolândia";"BA"
"2930709";"SIMOES FILHO";"Simões Filho";"BA"
"2930758";"SITIO DO MATO";"Sítio do Mato";"BA"
"2930766";"SITIO DO QUINTO";"Sítio do Quinto";"BA"
"2930774";"SOBRADINHO";"Sobradinho";"BA"
"2930808";"SOUTO SOARES";"Souto Soares";"BA"
"2930907";"TABOCAS DO BREJO VELHO";"Tabocas do Brejo Velho";"BA"
"2931004";"TANHACU";"Tanhaçu";"BA"
"2931053";"TANQUE NOVO";"Tanque Novo";"BA"
"2931103";"TANQUINHO";"Tanquinho";"BA"
"2931202";"TAPEROA";"Taperoá";"BA"
"2931301";"TAPIRAMUTA";"Tapiramutá";"BA"
"2931350";"TEIXEIRA DE FREITAS";"Teixeira de Freitas";"BA"
"2931400";"TEODORO SAMPAIO";"Teodoro Sampaio";"BA"
"2931509";"TEOFILANDIA";"Teofilândia";"BA"
"2931608";"TEOLANDIA";"Teolândia";"BA"
"2931707";"TERRA NOVA";"Terra Nova";"BA"
"2931806";"TREMEDAL";"Tremedal";"BA"
"2931905";"TUCANO";"Tucano";"BA"
"2932002";"UAUA";"Uauá";"BA"
"2932101";"UBAIRA";"Ubaíra";"BA"
"2932200";"UBAITABA";"Ubaitaba";"BA"
"2932309";"UBATA";"Ubatã";"BA"
"2932408";"UIBAI";"Uibaí";"BA"
"2932457";"UMBURANAS";"Umburanas";"BA"
"2932507";"UNA";"Una";"BA"
"2932606";"URANDI";"Urandi";"BA"
"2932705";"URUCUCA";"Uruçuca";"BA"
"2932804";"UTINGA";"Utinga";"BA"
"2932903";"VALENCA";"Valença";"BA"
"2933000";"VALENTE";"Valente";"BA"
"2933059";"VARZEA DA ROCA";"Várzea da Roça";"BA"
"2933109";"VARZEA DO POCO";"Várzea do Poço";"BA"
"2933158";"VARZEA NOVA";"Várzea Nova";"BA"
"2933174";"VARZEDO";"Varzedo";"BA"
"2933208";"VERA CRUZ";"Vera Cruz";"BA"
"2933257";"VEREDA";"Vereda";"BA"
"2933307";"VITORIA DA CONQUISTA";"Vitória da Conquista";"BA"
"2933406";"WAGNER";"Wagner";"BA"
"2933455";"WANDERLEY";"Wanderley";"BA"
"2933505";"WENCESLAU GUIMARAES";"Wenceslau Guimarães";"BA"
"2933604";"XIQUE-XIQUE";"Xique-Xique";"BA"
"3100104";"ABADIA DOS DOURADOS";"Abadia dos Dourados";"MG"
"3100203";"ABAETE";"Abaeté";"MG"
"3100302";"ABRE CAMPO";"Abre Campo";"MG"
"3100401";"ACAIACA";"Acaiaca";"MG"
"3100500";"ACUCENA";"Açucena";"MG"
"3100609";"AGUA BOA";"Água Boa";"MG"
"3100708";"AGUA COMPRIDA";"Água Comprida";"MG"
"3100807";"AGUANIL";"Aguanil";"MG"
"3100906";"AGUAS FORMOSAS";"Águas Formosas";"MG"
"3101003";"AGUAS VERMELHAS";"Águas Vermelhas";"MG"
"3101102";"AIMORES";"Aimorés";"MG"
"3101201";"AIURUOCA";"Aiuruoca";"MG"
"3101300";"ALAGOA";"Alagoa";"MG"
"3101409";"ALBERTINA";"Albertina";"MG"
"3101508";"ALEM PARAIBA";"Além Paraíba";"MG"
"3101607";"ALFENAS";"Alfenas";"MG"
"3101631";"ALFREDO VASCONCELOS";"Alfredo Vasconcelos";"MG"
"3101706";"ALMENARA";"Almenara";"MG"
"3101805";"ALPERCATA";"Alpercata";"MG"
"3101904";"ALPINOPOLIS";"Alpinópolis";"MG"
"3102001";"ALTEROSA";"Alterosa";"MG"
"3102050";"ALTO CAPARAO";"Alto Caparaó";"MG"
"3102100";"ALTO RIO DOCE";"Alto Rio Doce";"MG"
"3102209";"ALVARENGA";"Alvarenga";"MG"
"3102308";"ALVINOPOLIS";"Alvinópolis";"MG"
"3102407";"ALVORADA DE MINAS";"Alvorada de Minas";"MG"
"3102506";"AMPARO DO SERRA";"Amparo do Serra";"MG"
"3102605";"ANDRADAS";"Andradas";"MG"
"4204756";"CUNHATAI";"Cunhataí";"SC"
"4204806";"CURITIBANOS";"Curitibanos";"SC"
"4204905";"DESCANSO";"Descanso";"SC"
"4205001";"DIONISIO CERQUEIRA";"Dionísio Cerqueira";"SC"
"4205100";"DONA EMMA";"Dona Emma";"SC"
"4205159";"DOUTOR PEDRINHO";"Doutor Pedrinho";"SC"
"4205175";"ENTRE RIOS";"Entre Rios";"SC"
"4205191";"ERMO";"Ermo";"SC"
"4205209";"ERVAL VELHO";"Erval Velho";"SC"
"4205308";"FAXINAL DOS GUEDES";"Faxinal dos Guedes";"SC"
"4205357";"FLOR DO SERTAO";"Flor do Sertão";"SC"
"4205407";"FLORIANOPOLIS";"Florianópolis";"SC"
"4205431";"FORMOSA DO SUL";"Formosa do Sul";"SC"
"3446900";"SANTA LUCIA";"Santa Lúcia";"SP"
"3447007";"SANTA MARIA DA SERRA";"Santa Maria da Serra";"SP"
"3447106";"SANTA MERCEDES";"Santa Mercedes";"SP"
"3447205";"SANTANA DA PONTE PENSA";"Santana da Ponte Pensa";"SP"
"3447304";"SANTANA DE PARNAIBA";"Santana de Parnaíba";"SP"
"3447403";"SANTA RITA D'OESTE";"Santa Rita d'Oeste";"SP"
"3447502";"SANTA RITA DO PASSA QUATRO";"Santa Rita do Passa Quatro";"SP"
"3447601";"SANTA ROSA DE VITERBO";"Santa Rosa de Viterbo";"SP"
"3447650";"SANTA SALETE";"Santa Salete";"SP"
"3447700";"SANTO ANASTACIO";"Santo Anastácio";"SP"
"3447809";"SANTO ANDRE";"Santo André";"SP"
"3447908";"SANTO ANTONIO DA ALEGRIA";"Santo Antônio da Alegria";"SP"
"3448005";"SANTO ANTONIO DE POSSE";"Santo Antônio de Posse";"SP"
"3448054";"SANTO ANTONIO DO ARACANGUA";"Santo Antônio do Aracanguá";"SP"
"3448104";"SANTO ANTONIO DO JARDIM";"Santo Antônio do Jardim";"SP"
"3448203";"SANTO ANTONIO DO PINHAL";"Santo Antônio do Pinhal";"SP"
"3448302";"SANTO EXPEDITO";"Santo Expedito";"SP"
"3448401";"SANTOPOLIS DO AGUAPEI";"Santópolis do Aguapeí";"SP"
"3448500";"SANTOS";"Santos";"SP"
"3448609";"SAO BENTO DO SAPUCAI";"São Bento do Sapucaí";"SP"
"3448708";"SAO BERNARDO DO CAMPO";"São Bernardo do Campo";"SP"
"3448807";"SAO CAETANO DO SUL";"São Caetano do Sul";"SP"
"3448906";"SAO CARLOS";"São Carlos";"SP"
"3449003";"SAO FRANCISCO";"São Francisco";"SP"
"3449102";"SAO JOAO DA BOA VISTA";"São João da Boa Vista";"SP"
"3449201";"SAO JOAO DAS DUAS PONTES";"São João das Duas Pontes";"SP"
"3449250";"SAO JOAO DE IRACEMA";"São João de Iracema";"SP"
"3449300";"SAO JOAO DO PAU D'ALHO";"São João do Pau d'Alho";"SP"
"2200053";"ACAUA";"Acauã";"PI"
"2200103";"AGRICOLANDIA";"Agricolândia";"PI"
"2200202";"AGUA BRANCA";"Água Branca";"PI"
"2200251";"ALAGOINHA DO PIAUI";"Alagoinha do Piauí";"PI"
"2200277";"ALEGRETE DO PIAUI";"Alegrete do Piauí";"PI"
"2200301";"ALTO LONGA";"Alto Longá";"PI"
"2200400";"ALTOS";"Altos";"PI"
"2200459";"ALVORADA DO GURGUEIA";"Alvorada do Gurguéia";"PI"
"2200509";"AMARANTE";"Amarante";"PI"
"2200608";"ANGICAL DO PIAUI";"Angical do Piauí";"PI"
"2200707";"ANISIO DE ABREU";"Anísio de Abreu";"PI"
"2200806";"ANTONIO ALMEIDA";"Antônio Almeida";"PI"
"2200905";"AROAZES";"Aroazes";"PI"
"2201002";"ARRAIAL";"Arraial";"PI"
"2201051";"ASSUNCAO DO PIAUI";"Assunção do Piauí";"PI"
"2201101";"AVELINO LOPES";"Avelino Lopes";"PI"
"2201150";"BAIXA GRANDE DO RIBEIRO";"Baixa Grande do Ribeiro";"PI"
"2201176";"BARRA D'ALCANTARA";"Barra D'Alcântara";"PI"
"2201200";"BARRAS";"Barras";"PI"
"2201309";"BARREIRAS DO PIAUI";"Barreiras do Piauí";"PI"
"2201408";"BARRO DURO";"Barro Duro";"PI"
"2201507";"BATALHA";"Batalha";"PI"
"2201556";"BELA VISTA DO PIAUI";"Bela Vista do Piauí";"PI"
"2201572";"BELEM DO PIAUI";"Belém do Piauí";"PI"
"2201606";"BENEDITINOS";"Beneditinos";"PI"
"2201705";"BERTOLINIA";"Bertolínia";"PI"
"2201739";"BETANIA DO PIAUI";"Betânia do Piauí";"PI"
"2201770";"BOA HORA";"Boa Hora";"PI"
"2201804";"BOCAINA";"Bocaina";"PI"
"2201903";"BOM JESUS";"Bom Jesus";"PI"
"2201919";"BOM PRINCIPIO DO PIAUI";"Bom Princípio do Piauí";"PI"
"2201929";"BONFIM DO PIAUI";"Bonfim do Piauí";"PI"
"2201945";"BOQUEIRAO DO PIAUI";"Boqueirão do Piauí";"PI"
"2201960";"BRASILEIRA";"Brasileira";"PI"
"2201988";"BREJO DO PIAUI";"Brejo do Piauí";"PI"
"2202000";"BURITI DOS LOPES";"Buriti dos Lopes";"PI"
"2202026";"BURITI DOS MONTES";"Buriti dos Montes";"PI"
"2202059";"CABECEIRAS DO PIAUI";"Cabeceiras do Piauí";"PI"
"2202075";"CAJAZEIRAS DO PIAUI";"Cajazeiras do Piauí";"PI"
"2202083";"CAJUEIRO DA PRAIA";"Cajueiro da Praia";"PI"
"2202091";"CALDEIRAO GRANDE DO PIAUI";"Caldeirão Grande do Piauí";"PI"
"2202109";"CAMPINAS DO PIAUI";"Campinas do Piauí";"PI"
"2202117";"CAMPO ALEGRE DO FIDALGO";"Campo Alegre do Fidalgo";"PI"
"2202133";"CAMPO GRANDE DO PIAUI";"Campo Grande do Piauí";"PI"
"2202174";"CAMPO LARGO DO PIAUI";"Campo Largo do Piauí";"PI"
"2202208";"CAMPO MAIOR";"Campo Maior";"PI"
"2202251";"CANAVIEIRA";"Canavieira";"PI"
"2202307";"CANTO DO BURITI";"Canto do Buriti";"PI"
"2202406";"CAPITAO DE CAMPOS";"Capitão de Campos";"PI"
"2202455";"CAPITAO GERVASIO OLIVEIRA";"Capitão Gervásio Oliveira";"PI"
"2202505";"CARACOL";"Caracol";"PI"
"2202539";"CARAUBAS DO PIAUI";"Caraúbas do Piauí";"PI"
"2202554";"CARIDADE DO PIAUI";"Caridade do Piauí";"PI"
"2202604";"CASTELO DO PIAUI";"Castelo do Piauí";"PI"
"2202653";"CAXINGO";"Caxingó";"PI"
"2202703";"COCAL";"Cocal";"PI"
"2202711";"COCAL DE TELHA";"Cocal de Telha";"PI"
"2202729";"COCAL DOS ALVES";"Cocal dos Alves";"PI"
"2202737";"COIVARAS";"Coivaras";"PI"
"2202752";"COLONIA DO GURGUEIA";"Colônia do Gurguéia";"PI"
"2202778";"COLONIA DO PIAUI";"Colônia do Piauí";"PI"
"2202802";"CONCEICAO DO CANINDE";"Conceição do Canindé";"PI"
"2202851";"CORONEL JOSE DIAS";"Coronel José Dias";"PI"
"2202901";"CORRENTE";"Corrente";"PI"
"2203008";"CRISTALANDIA DO PIAUI";"Cristalândia do Piauí";"PI"
"2203107";"CRISTINO CASTRO";"Cristino Castro";"PI"
"2203206";"CURIMATA";"Curimatá";"PI"
"2203230";"CURRAIS";"Currais";"PI"
"2203255";"CURRALINHOS";"Curralinhos";"PI"
"2203271";"CURRAL NOVO DO PIAUI";"Curral Novo do Piauí";"PI"
"2203305";"DEMERVAL LOBAO";"Demerval Lobão";"PI"
"2203354";"DIRCEU ARCOVERDE";"Dirceu Arcoverde";"PI"
"2203404";"DOM EXPEDITO LOPES";"Dom Expedito Lopes";"PI"
"2203420";"DOMINGOS MOURAO";"Domingos Mourão";"PI"
"2203453";"DOM INOCENCIO";"Dom Inocêncio";"PI"
"2203503";"ELESBAO VELOSO";"Elesbão Veloso";"PI"
"2203602";"ELISEU MARTINS";"Eliseu Martins";"PI"
"2203701";"ESPERANTINA";"Esperantina";"PI"
"2203750";"FARTURA DO PIAUI";"Fartura do Piauí";"PI"
"2203800";"FLORES DO PIAUI";"Flores do Piauí";"PI"
"2203859";"FLORESTA DO PIAUI";"Floresta do Piauí";"PI"
"2203909";"FLORIANO";"Floriano";"PI"
"2204006";"FRANCINOPOLIS";"Francinópolis";"PI"
"2204105";"FRANCISCO AYRES";"Francisco Ayres";"PI"
"2204154";"FRANCISCO MACEDO";"Francisco Macedo";"PI"
"2204204";"FRANCISCO SANTOS";"Francisco Santos";"PI"
"2204303";"FRONTEIRAS";"Fronteiras";"PI"
"2204352";"GEMINIANO";"Geminiano";"PI"
"2204402";"GILBUES";"Gilbués";"PI"
"2204501";"GUADALUPE";"Guadalupe";"PI"
"2204550";"GUARIBAS";"Guaribas";"PI"
"2204600";"HUGO NAPOLEAO";"Hugo Napoleão";"PI"
"2204659";"ILHA GRANDE";"Ilha Grande";"PI"
"2204709";"INHUMA";"Inhuma";"PI"
"2204808";"IPIRANGA DO PIAUI";"Ipiranga do Piauí";"PI"
"2204907";"ISAIAS COELHO";"Isaías Coelho";"PI"
"2205003";"ITAINOPOLIS";"Itainópolis";"PI"
"2205102";"ITAUEIRA";"Itaueira";"PI"
"2205151";"JACOBINA DO PIAUI";"Jacobina do Piauí";"PI"
"2205201";"JAICOS";"Jaicós";"PI"
"2205250";"JARDIM DO MULATO";"Jardim do Mulato";"PI"
"2205276";"JATOBA DO PIAUI";"Jatobá do Piauí";"PI"
"2205300";"JERUMENHA";"Jerumenha";"PI"
"2205359";"JOAO COSTA";"João Costa";"PI"
"2205409";"JOAQUIM PIRES";"Joaquim Pires";"PI"
"2205458";"JOCA MARQUES";"Joca Marques";"PI"
"2205508";"JOSE DE FREITAS";"José de Freitas";"PI"
"2205516";"JUAZEIRO DO PIAUI";"Juazeiro do Piauí";"PI"
"2205524";"JULIO BORGES";"Júlio Borges";"PI"
"2205532";"JUREMA";"Jurema";"PI"
"2205540";"LAGOINHA DO PIAUI";"Lagoinha do Piauí";"PI"
"2205557";"LAGOA ALEGRE";"Lagoa Alegre";"PI"
"2205565";"LAGOA DO BARRO DO PIAUI";"Lagoa do Barro do Piauí";"PI"
"2205573";"LAGOA DE SAO FRANCISCO";"Lagoa de São Francisco";"PI"
"2205581";"LAGOA DO PIAUI";"Lagoa do Piauí";"PI"
"2205599";"LAGOA DO SITIO";"Lagoa do Sítio";"PI"
"2205607";"LANDRI SALES";"Landri Sales";"PI"
"2205706";"LUIS CORREIA";"Luís Correia";"PI"
"2205805";"LUZILANDIA";"Luzilândia";"PI"
"2205854";"MADEIRO";"Madeiro";"PI"
"2205904";"MANOEL EMIDIO";"Manoel Emídio";"PI"
"2205953";"MARCOLANDIA";"Marcolândia";"PI"
"2206001";"MARCOS PARENTE";"Marcos Parente";"PI"
"2206050";"MASSAPE DO PIAUI";"Massapê do Piauí";"PI"
"2206100";"MATIAS OLIMPIO";"Matias Olímpio";"PI"
"2206209";"MIGUEL ALVES";"Miguel Alves";"PI"
"2206308";"MIGUEL LEAO";"Miguel Leão";"PI"
"2206357";"MILTON BRANDAO";"Milton Brandão";"PI"
"2206407";"MONSENHOR GIL";"Monsenhor Gil";"PI"
"2206506";"MONSENHOR HIPOLITO";"Monsenhor Hipólito";"PI"
"2206605";"MONTE ALEGRE DO PIAUI";"Monte Alegre do Piauí";"PI"
"2206654";"MORRO CABECA NO TEMPO";"Morro Cabeça no Tempo";"PI"
"2206670";"MORRO DO CHAPEU DO PIAUI";"Morro do Chapéu do Piauí";"PI"
"2206696";"MURICI DOS PORTELAS";"Murici dos Portelas";"PI"
"2206704";"NAZARE DO PIAUI";"Nazaré do Piauí";"PI"
"2206720";"NAZARIA";"Nazária";"PI"
"2206753";"NOSSA SENHORA DE NAZARE";"Nossa Senhora de Nazaré";"PI"
"2206803";"NOSSA SENHORA DOS REMEDIOS";"Nossa Senhora dos Remédios";"PI"
"2206902";"NOVO ORIENTE DO PIAUI";"Novo Oriente do Piauí";"PI"
"2206951";"NOVO SANTO ANTONIO";"Novo Santo Antônio";"PI"
"2207009";"OEIRAS";"Oeiras";"PI"
"2207108";"OLHO D'AGUA DO PIAUI";"Olho D'Água do Piauí";"PI"
"2207207";"PADRE MARCOS";"Padre Marcos";"PI"
"2207306";"PAES LANDIM";"Paes Landim";"PI"
"2207355";"PAJEU DO PIAUI";"Pajeú do Piauí";"PI"
"2207405";"PALMEIRA DO PIAUI";"Palmeira do Piauí";"PI"
"2207504";"PALMEIRAIS";"Palmeirais";"PI"
"2207553";"PAQUETA";"Paquetá";"PI"
"2207603";"PARNAGUA";"Parnaguá";"PI"
"2207702";"PARNAIBA";"Parnaíba";"PI"
"2207751";"PASSAGEM FRANCA DO PIAUI";"Passagem Franca do Piauí";"PI"
"2207777";"PATOS DO PIAUI";"Patos do Piauí";"PI"
"2207793";"PAU D'ARCO DO PIAUI";"Pau D'Arco do Piauí";"PI"
"2207801";"PAULISTANA";"Paulistana";"PI"
"2207850";"PAVUSSU";"Pavussu";"PI"
"2207900";"PEDRO II";"Pedro II";"PI"
"2207934";"PEDRO LAURENTINO";"Pedro Laurentino";"PI"
"2207959";"NOVA SANTA RITA";"Nova Santa Rita";"PI"
"3102704";"CACHOEIRA DE PAJEU";"Cachoeira de Pajeú";"MG"
"3102803";"ANDRELANDIA";"Andrelândia";"MG"
"3102852";"ANGELANDIA";"Angelândia";"MG"
"3102902";"ANTONIO CARLOS";"Antônio Carlos";"MG"
"3103009";"ANTONIO DIAS";"Antônio Dias";"MG"
"3103108";"ANTONIO PRADO DE MINAS";"Antônio Prado de Minas";"MG"
"3103207";"ARACAI";"Araçaí";"MG"
"3103306";"ARACITABA";"Aracitaba";"MG"
"3103405";"ARACUAI";"Araçuaí";"MG"
"3103504";"ARAGUARI";"Araguari";"MG"
"3103603";"ARANTINA";"Arantina";"MG"
"3103702";"ARAPONGA";"Araponga";"MG"
"3103751";"ARAPORA";"Araporã";"MG"
"3103801";"ARAPUA";"Arapuá";"MG"
"3103900";"ARAUJOS";"Araújos";"MG"
"3104007";"ARAXA";"Araxá";"MG"
"3104106";"ARCEBURGO";"Arceburgo";"MG"
"3104205";"ARCOS";"Arcos";"MG"
"3104304";"AREADO";"Areado";"MG"
"3104403";"ARGIRITA";"Argirita";"MG"
"3104452";"ARICANDUVA";"Aricanduva";"MG"
"3104502";"ARINOS";"Arinos";"MG"
"3104601";"ASTOLFO DUTRA";"Astolfo Dutra";"MG"
"3104700";"ATALEIA";"Ataléia";"MG"
"3104809";"AUGUSTO DE LIMA";"Augusto de Lima";"MG"
"3104908";"BAEPENDI";"Baependi";"MG"
"3105004";"BALDIM";"Baldim";"MG"
"3105103";"BAMBUI";"Bambuí";"MG"
"3105202";"BANDEIRA";"Bandeira";"MG"
"3105301";"BANDEIRA DO SUL";"Bandeira do Sul";"MG"
"3105400";"BARAO DE COCAIS";"Barão de Cocais";"MG"
"3105509";"BARAO DE MONTE ALTO";"Barão de Monte Alto";"MG"
"3105608";"BARBACENA";"Barbacena";"MG"
"3105707";"BARRA LONGA";"Barra Longa";"MG"
"3105905";"BARROSO";"Barroso";"MG"
"3106002";"BELA VISTA DE MINAS";"Bela Vista de Minas";"MG"
"3106101";"BELMIRO BRAGA";"Belmiro Braga";"MG"
"3106200";"BELO HORIZONTE";"Belo Horizonte";"MG"
"3106309";"BELO ORIENTE";"Belo Oriente";"MG"
"3106408";"BELO VALE";"Belo Vale";"MG"
"3106507";"BERILO";"Berilo";"MG"
"3106606";"BERTOPOLIS";"Bertópolis";"MG"
"3106655";"BERIZAL";"Berizal";"MG"
"3106705";"BETIM";"Betim";"MG"
"3106804";"BIAS FORTES";"Bias Fortes";"MG"
"3106903";"BICAS";"Bicas";"MG"
"3107000";"BIQUINHAS";"Biquinhas";"MG"
"3107109";"BOA ESPERANCA";"Boa Esperança";"MG"
"3107208";"BOCAINA DE MINAS";"Bocaina de Minas";"MG"
"3107307";"BOCAIUVA";"Bocaiúva";"MG"
"3107406";"BOM DESPACHO";"Bom Despacho";"MG"
"3107505";"BOM JARDIM DE MINAS";"Bom Jardim de Minas";"MG"
"3107604";"BOM JESUS DA PENHA";"Bom Jesus da Penha";"MG"
"3107703";"BOM JESUS DO AMPARO";"Bom Jesus do Amparo";"MG"
"3107802";"BOM JESUS DO GALHO";"Bom Jesus do Galho";"MG"
"3107901";"BOM REPOUSO";"Bom Repouso";"MG"
"3108008";"BOM SUCESSO";"Bom Sucesso";"MG"
"3108107";"BONFIM";"Bonfim";"MG"
"3108206";"BONFINOPOLIS DE MINAS";"Bonfinópolis de Minas";"MG"
"3108255";"BONITO DE MINAS";"Bonito de Minas";"MG"
"3108305";"BORDA DA MATA";"Borda da Mata";"MG"
"3108404";"BOTELHOS";"Botelhos";"MG"
"3108503";"BOTUMIRIM";"Botumirim";"MG"
"3108552";"BRASILANDIA DE MINAS";"Brasilândia de Minas";"MG"
"3108602";"BRASILIA DE MINAS";"Brasília de Minas";"MG"
"3108701";"BRAS PIRES";"Brás Pires";"MG"
"3108800";"BRAUNAS";"Braúnas";"MG"
"3108909";"BRASOPOLIS";"Brasópolis";"MG"
"3109006";"BRUMADINHO";"Brumadinho";"MG"
"3109105";"BUENO BRANDAO";"Bueno Brandão";"MG"
"3109204";"BUENOPOLIS";"Buenópolis";"MG"
"3109253";"BUGRE";"Bugre";"MG"
"3109303";"BURITIS";"Buritis";"MG"
"3109402";"BURITIZEIRO";"Buritizeiro";"MG"
"3109451";"CABECEIRA GRANDE";"Cabeceira Grande";"MG"
"3109501";"CABO VERDE";"Cabo Verde";"MG"
"3109600";"CACHOEIRA DA PRATA";"Cachoeira da Prata";"MG"
"3109709";"CACHOEIRA DE MINAS";"Cachoeira de Minas";"MG"
"3109808";"CACHOEIRA DOURADA";"Cachoeira Dourada";"MG"
"3109907";"CAETANOPOLIS";"Caetanópolis";"MG"
"3110004";"CAETE";"Caeté";"MG"
"3110103";"CAIANA";"Caiana";"MG"
"3110202";"CAJURI";"Cajuri";"MG"
"3110301";"CALDAS";"Caldas";"MG"
"3110400";"CAMACHO";"Camacho";"MG"
"3110509";"CAMANDUCAIA";"Camanducaia";"MG"
"3110608";"CAMBUI";"Cambuí";"MG"
"3110707";"CAMBUQUIRA";"Cambuquira";"MG"
"3110806";"CAMPANARIO";"Campanário";"MG"
"3110905";"CAMPANHA";"Campanha";"MG"
"3111002";"CAMPESTRE";"Campestre";"MG"
"3111101";"CAMPINA VERDE";"Campina Verde";"MG"
"3111150";"CAMPO AZUL";"Campo Azul";"MG"
"3111200";"CAMPO BELO";"Campo Belo";"MG"
"3111309";"CAMPO DO MEIO";"Campo do Meio";"MG"
"3111408";"CAMPO FLORIDO";"Campo Florido";"MG"
"3111507";"CAMPOS ALTOS";"Campos Altos";"MG"
"3111606";"CAMPOS GERAIS";"Campos Gerais";"MG"
"3111705";"CANAA";"Canaã";"MG"
"3111804";"CANAPOLIS";"Canápolis";"MG"
"3111903";"CANA VERDE";"Cana Verde";"MG"
"3112000";"CANDEIAS";"Candeias";"MG"
"3112059";"CANTAGALO";"Cantagalo";"MG"
"3112109";"CAPARAO";"Caparaó";"MG"
"3112208";"CAPELA NOVA";"Capela Nova";"MG"
"3112307";"CAPELINHA";"Capelinha";"MG"
"3112406";"CAPETINGA";"Capetinga";"MG"
"3112505";"CAPIM BRANCO";"Capim Branco";"MG"
"3112604";"CAPINOPOLIS";"Capinópolis";"MG"
"3112653";"CAPITAO ANDRADE";"Capitão Andrade";"MG"
"3112703";"CAPITAO ENEAS";"Capitão Enéas";"MG"
"3112802";"CAPITOLIO";"Capitólio";"MG"
"3112901";"CAPUTIRA";"Caputira";"MG"
"3113008";"CARAI";"Caraí";"MG"
"3113107";"CARANAIBA";"Caranaíba";"MG"
"3113206";"CARANDAI";"Carandaí";"MG"
"3113305";"CARANGOLA";"Carangola";"MG"
"3113404";"CARATINGA";"Caratinga";"MG"
"3113503";"CARBONITA";"Carbonita";"MG"
"3113602";"CAREACU";"Careaçu";"MG"
"3113701";"CARLOS CHAGAS";"Carlos Chagas";"MG"
"3113800";"CARMESIA";"Carmésia";"MG"
"3113909";"CARMO DA CACHOEIRA";"Carmo da Cachoeira";"MG"
"3114006";"CARMO DA MATA";"Carmo da Mata";"MG"
"3114105";"CARMO DE MINAS";"Carmo de Minas";"MG"
"3114204";"CARMO DO CAJURU";"Carmo do Cajuru";"MG"
"3114303";"CARMO DO PARANAIBA";"Carmo do Paranaíba";"MG"
"3114402";"CARMO DO RIO CLARO";"Carmo do Rio Claro";"MG"
"3114501";"CARMOPOLIS DE MINAS";"Carmópolis de Minas";"MG"
"3114550";"CARNEIRINHO";"Carneirinho";"MG"
"3114600";"CARRANCAS";"Carrancas";"MG"
"3114709";"CARVALHOPOLIS";"Carvalhópolis";"MG"
"3114808";"CARVALHOS";"Carvalhos";"MG"
"3114907";"CASA GRANDE";"Casa Grande";"MG"
"3115003";"CASCALHO RICO";"Cascalho Rico";"MG"
"3115102";"CASSIA";"Cássia";"MG"
"3115201";"CONCEICAO DA BARRA DE MINAS";"Conceição da Barra de Minas";"MG"
"3115300";"CATAGUASES";"Cataguases";"MG"
"3115359";"CATAS ALTAS";"Catas Altas";"MG"
"3115409";"CATAS ALTAS DA NORUEGA";"Catas Altas da Noruega";"MG"
"3115458";"CATUJI";"Catuji";"MG"
"3115474";"CATUTI";"Catuti";"MG"
"3115508";"CAXAMBU";"Caxambu";"MG"
"3115607";"CEDRO DO ABAETE";"Cedro do Abaeté";"MG"
"3115706";"CENTRAL DE MINAS";"Central de Minas";"MG"
"3115805";"CENTRALINA";"Centralina";"MG"
"3115904";"CHACARA";"Chácara";"MG"
"3116001";"CHALE";"Chalé";"MG"
"3116100";"CHAPADA DO NORTE";"Chapada do Norte";"MG"
"3116159";"CHAPADA GAUCHA";"Chapada Gaúcha";"MG"
"3116209";"CHIADOR";"Chiador";"MG"
"3116308";"CIPOTANEA";"Cipotânea";"MG"
"3116407";"CLARAVAL";"Claraval";"MG"
"3116506";"CLARO DOS POCOES";"Claro dos Poções";"MG"
"3116605";"CLAUDIO";"Cláudio";"MG"
"3116704";"COIMBRA";"Coimbra";"MG"
"3116803";"COLUNA";"Coluna";"MG"
"3116902";"COMENDADOR GOMES";"Comendador Gomes";"MG"
"3117009";"COMERCINHO";"Comercinho";"MG"
"3117108";"CONCEICAO DA APARECIDA";"Conceição da Aparecida";"MG"
"3117207";"CONCEICAO DAS PEDRAS";"Conceição das Pedras";"MG"
"3117306";"CONCEICAO DAS ALAGOAS";"Conceição das Alagoas";"MG"
"3117405";"CONCEICAO DE IPANEMA";"Conceição de Ipanema";"MG"
"3117504";"CONCEICAO DO MATO DENTRO";"Conceição do Mato Dentro";"MG"
"3117603";"CONCEICAO DO PARA";"Conceição do Pará";"MG"
"3117702";"CONCEICAO DO RIO VERDE";"Conceição do Rio Verde";"MG"
"3117801";"CONCEICAO DOS OUROS";"Conceição dos Ouros";"MG"
"3117836";"CONEGO MARINHO";"Cônego Marinho";"MG"
"3117876";"CONFINS";"Confins";"MG"
"3117900";"CONGONHAL";"Congonhal";"MG"
"3118007";"CONGONHAS";"Congonhas";"MG"
"3118106";"CONGONHAS DO NORTE";"Congonhas do Norte";"MG"
"3118205";"CONQUISTA";"Conquista";"MG"
"3118304";"CONSELHEIRO LAFAIETE";"Conselheiro Lafaiete";"MG"
"3118403";"CONSELHEIRO PENA";"Conselheiro Pena";"MG"
"3118502";"CONSOLACAO";"Consolação";"MG"
"3118601";"CONTAGEM";"Contagem";"MG"
"3403356";"ARCO-IRIS";"Arco-Íris";"SP"
"3403406";"AREALVA";"Arealva";"SP"
"3403505";"AREIAS";"Areias";"SP"
"3403604";"AREIOPOLIS";"Areiópolis";"SP"
"3403703";"ARIRANHA";"Ariranha";"SP"
"3403802";"ARTUR NOGUEIRA";"Artur Nogueira";"SP"
"3403901";"ARUJA";"Arujá";"SP"
"3403950";"ASPASIA";"Aspásia";"SP"
"3404008";"ASSIS";"Assis";"SP"
"3404107";"ATIBAIA";"Atibaia";"SP"
"3404206";"AURIFLAMA";"Auriflama";"SP"
"3404305";"AVAI";"Avaí";"SP"
"3404404";"AVANHANDAVA";"Avanhandava";"SP"
"3404503";"AVARE";"Avaré";"SP"
"3404602";"BADY BASSITT";"Bady Bassitt";"SP"
"3404701";"BALBINOS";"Balbinos";"SP"
"3404800";"BALSAMO";"Bálsamo";"SP"
"3404909";"BANANAL";"Bananal";"SP"
"3405005";"BARAO DE ANTONINA";"Barão de Antonina";"SP"
"3405104";"BARBOSA";"Barbosa";"SP"
"3405203";"BARIRI";"Bariri";"SP"
"3405302";"BARRA BONITA";"Barra Bonita";"SP"
"3405351";"BARRA DO CHAPEU";"Barra do Chapéu";"SP"
"3405401";"BARRA DO TURVO";"Barra do Turvo";"SP"
"3405500";"BARRETOS";"Barretos";"SP"
"3405609";"BARRINHA";"Barrinha";"SP"
"3405708";"BARUERI";"Barueri";"SP"
"3405807";"BASTOS";"Bastos";"SP"
"3405906";"BATATAIS";"Batatais";"SP"
"3406003";"BAURU";"Bauru";"SP"
"3406102";"BEBEDOURO";"Bebedouro";"SP"
"3406201";"BENTO DE ABREU";"Bento de Abreu";"SP"
"3406300";"BERNARDINO DE CAMPOS";"Bernardino de Campos";"SP"
"3406359";"BERTIOGA";"Bertioga";"SP"
"3406409";"BILAC";"Bilac";"SP"
"3406508";"BIRIGUI";"Birigui";"SP"
"3406607";"BIRITIBA-MIRIM";"Biritiba-Mirim";"SP"
"3406706";"BOA ESPERANCA DO SUL";"Boa Esperança do Sul";"SP"
"3406805";"BOCAINA";"Bocaina";"SP"
"3406904";"BOFETE";"Bofete";"SP"
"3407001";"BOITUVA";"Boituva";"SP"
"3407100";"BOM JESUS DOS PERDOES";"Bom Jesus dos Perdões";"SP"
"3407159";"BOM SUCESSO DE ITARARE";"Bom Sucesso de Itararé";"SP"
"3407209";"BORA";"Borá";"SP"
"3407308";"BORACEIA";"Boracéia";"SP"
"3407407";"BORBOREMA";"Borborema";"SP"
"3407456";"BOREBI";"Borebi";"SP"
"3407506";"BOTUCATU";"Botucatu";"SP"
"3407605";"BRAGANCA PAULISTA";"Bragança Paulista";"SP"
"3407704";"BRAUNA";"Braúna";"SP"
"3407753";"BREJO ALEGRE";"Brejo Alegre";"SP"
"3407803";"BRODOWSKI";"Brodowski";"SP"
"3407902";"BROTAS";"Brotas";"SP"
"3408009";"BURI";"Buri";"SP"
"3408108";"BURITAMA";"Buritama";"SP"
"3408207";"BURITIZAL";"Buritizal";"SP"
"1501758";"BREJO GRANDE DO ARAGUAIA";"Brejo Grande do Araguaia";"PA"
"1501782";"BREU BRANCO";"Breu Branco";"PA"
"1501808";"BREVES";"Breves";"PA"
"1501907";"BUJARU";"Bujaru";"PA"
"1501956";"CACHOEIRA DO PIRIA";"Cachoeira do Piriá";"PA"
"1502004";"CACHOEIRA DO ARARI";"Cachoeira do Arari";"PA"
"1502103";"CAMETA";"Cametá";"PA"
"1502152";"CANAA DOS CARAJAS";"Canaã dos Carajás";"PA"
"1502202";"CAPANEMA";"Capanema";"PA"
"1502301";"CAPITAO POCO";"Capitão Poço";"PA"
"1502400";"CASTANHAL";"Castanhal";"PA"
"1502509";"CHAVES";"Chaves";"PA"
"1502608";"COLARES";"Colares";"PA"
"1502707";"CONCEICAO DO ARAGUAIA";"Conceição do Araguaia";"PA"
"1502756";"CONCORDIA DO PARA";"Concórdia do Pará";"PA"
"1502764";"CUMARU DO NORTE";"Cumaru do Norte";"PA"
"1502772";"CURIONOPOLIS";"Curionópolis";"PA"
"1502806";"CURRALINHO";"Curralinho";"PA"
"1502855";"CURUA";"Curuá";"PA"
"1502905";"CURUCA";"Curuçá";"PA"
"1502939";"DOM ELISEU";"Dom Eliseu";"PA"
"1502954";"ELDORADO DOS CARAJAS";"Eldorado dos Carajás";"PA"
"1503002";"FARO";"Faro";"PA"
"1503044";"FLORESTA DO ARAGUAIA";"Floresta do Araguaia";"PA"
"1503077";"GARRAFAO DO NORTE";"Garrafão do Norte";"PA"
"1503093";"GOIANESIA DO PARA";"Goianésia do Pará";"PA"
"1503101";"GURUPA";"Gurupá";"PA"
"1503200";"IGARAPE-ACU";"Igarapé-Açu";"PA"
"1503309";"IGARAPE-MIRI";"Igarapé-Miri";"PA"
"1503408";"INHANGAPI";"Inhangapi";"PA"
"1503457";"IPIXUNA DO PARA";"Ipixuna do Pará";"PA"
"1503507";"IRITUIA";"Irituia";"PA"
"1503606";"ITAITUBA";"Itaituba";"PA"
"1503705";"ITUPIRANGA";"Itupiranga";"PA"
"1503754";"JACAREACANGA";"Jacareacanga";"PA"
"1503804";"JACUNDA";"Jacundá";"PA"
"1503903";"JURUTI";"Juruti";"PA"
"1504000";"LIMOEIRO DO AJURU";"Limoeiro do Ajuru";"PA"
"1504059";"MAE DO RIO";"Mãe do Rio";"PA"
"1504109";"MAGALHAES BARATA";"Magalhães Barata";"PA"
"1504208";"MARABA";"Marabá";"PA"
"1504307";"MARACANA";"Maracanã";"PA"
"1504406";"MARAPANIM";"Marapanim";"PA"
"1504422";"MARITUBA";"Marituba";"PA"
"1504455";"MEDICILANDIA";"Medicilândia";"PA"
"1504505";"MELGACO";"Melgaço";"PA"
"1504604";"MOCAJUBA";"Mocajuba";"PA"
"1504703";"MOJU";"Moju";"PA"
"1504802";"MONTE ALEGRE";"Monte Alegre";"PA"
"1504901";"MUANA";"Muaná";"PA"
"1504950";"NOVA ESPERANCA DO PIRIA";"Nova Esperança do Piriá";"PA"
"1504976";"NOVA IPIXUNA";"Nova Ipixuna";"PA"
"1505007";"NOVA TIMBOTEUA";"Nova Timboteua";"PA"
"1505031";"NOVO PROGRESSO";"Novo Progresso";"PA"
"1505064";"NOVO REPARTIMENTO";"Novo Repartimento";"PA"
"1505106";"OBIDOS";"Óbidos";"PA"
"1505205";"OEIRAS DO PARA";"Oeiras do Pará";"PA"
"1505304";"ORIXIMINA";"Oriximiná";"PA"
"1505403";"OUREM";"Ourém";"PA"
"1505437";"OURILANDIA DO NORTE";"Ourilândia do Norte";"PA"
"1505486";"PACAJA";"Pacajá";"PA"
"1505494";"PALESTINA DO PARA";"Palestina do Pará";"PA"
"1505502";"PARAGOMINAS";"Paragominas";"PA"
"1505536";"PARAUAPEBAS";"Parauapebas";"PA"
"1505551";"PAU D'ARCO";"Pau D'Arco";"PA"
"1505601";"PEIXE-BOI";"Peixe-Boi";"PA"
"1505635";"PICARRA";"Piçarra";"PA"
"1505650";"PLACAS";"Placas";"PA"
"1505700";"PONTA DE PEDRAS";"Ponta de Pedras";"PA"
"1505809";"PORTEL";"Portel";"PA"
"1505908";"PORTO DE MOZ";"Porto de Moz";"PA"
"1506005";"PRAINHA";"Prainha";"PA"
"1506104";"PRIMAVERA";"Primavera";"PA"
"1506112";"QUATIPURU";"Quatipuru";"PA"
"1506138";"REDENCAO";"Redenção";"PA"
"1506161";"RIO MARIA";"Rio Maria";"PA"
"1506187";"RONDON DO PARA";"Rondon do Pará";"PA"
"1506195";"RUROPOLIS";"Rurópolis";"PA"
"1506203";"SALINOPOLIS";"Salinópolis";"PA"
"1506302";"SALVATERRA";"Salvaterra";"PA"
"1506351";"SANTA BARBARA DO PARA";"Santa Bárbara do Pará";"PA"
"1506401";"SANTA CRUZ DO ARARI";"Santa Cruz do Arari";"PA"
"1506500";"SANTA ISABEL DO PARA";"Santa Isabel do Pará";"PA"
"1506559";"SANTA LUZIA DO PARA";"Santa Luzia do Pará";"PA"
"1506583";"SANTA MARIA DAS BARREIRAS";"Santa Maria das Barreiras";"PA"
"1506609";"SANTA MARIA DO PARA";"Santa Maria do Pará";"PA"
"1506708";"SANTANA DO ARAGUAIA";"Santana do Araguaia";"PA"
"2108702";"PIO XII";"Pio XII";"MA"
"2108801";"PIRAPEMAS";"Pirapemas";"MA"
"2108900";"POCAO DE PEDRAS";"Poção de Pedras";"MA"
"2109007";"PORTO FRANCO";"Porto Franco";"MA"
"2109056";"PORTO RICO DO MARANHAO";"Porto Rico do Maranhão";"MA"
"2109106";"PRESIDENTE DUTRA";"Presidente Dutra";"MA"
"2109205";"PRESIDENTE JUSCELINO";"Presidente Juscelino";"MA"
"2109239";"PRESIDENTE MEDICI";"Presidente Médici";"MA"
"2109270";"PRESIDENTE SARNEY";"Presidente Sarney";"MA"
"2109304";"PRESIDENTE VARGAS";"Presidente Vargas";"MA"
"2109403";"PRIMEIRA CRUZ";"Primeira Cruz";"MA"
"2109452";"RAPOSA";"Raposa";"MA"
"2109502";"RIACHAO";"Riachão";"MA"
"2109551";"RIBAMAR FIQUENE";"Ribamar Fiquene";"MA"
"2109601";"ROSARIO";"Rosário";"MA"
"2109700";"SAMBAIBA";"Sambaíba";"MA"
"2109759";"SANTA FILOMENA DO MARANHAO";"Santa Filomena do Maranhão";"MA"
"2109809";"SANTA HELENA";"Santa Helena";"MA"
"2109908";"SANTA INES";"Santa Inês";"MA"
"2110005";"SANTA LUZIA";"Santa Luzia";"MA"
"2110039";"SANTA LUZIA DO PARUA";"Santa Luzia do Paruá";"MA"
"2110104";"SANTA QUITERIA DO MARANHAO";"Santa Quitéria do Maranhão";"MA"
"2110203";"SANTA RITA";"Santa Rita";"MA"
"2110237";"SANTANA DO MARANHAO";"Santana do Maranhão";"MA"
"2110278";"SANTO AMARO DO MARANHAO";"Santo Amaro do Maranhão";"MA"
"2110302";"SANTO ANTONIO DOS LOPES";"Santo Antônio dos Lopes";"MA"
"2110401";"SAO BENEDITO DO RIO PRETO";"São Benedito do Rio Preto";"MA"
"2110500";"SAO BENTO";"São Bento";"MA"
"2110609";"SAO BERNARDO";"São Bernardo";"MA"
"2110658";"SAO DOMINGOS DO AZEITAO";"São Domingos do Azeitão";"MA"
"2110708";"SAO DOMINGOS DO MARANHAO";"São Domingos do Maranhão";"MA"
"2110807";"SAO FELIX DE BALSAS";"São Félix de Balsas";"MA"
"2110856";"SAO FRANCISCO DO BREJAO";"São Francisco do Brejão";"MA"
"2110906";"SAO FRANCISCO DO MARANHAO";"São Francisco do Maranhão";"MA"
"2111003";"SAO JOAO BATISTA";"São João Batista";"MA"
"2111029";"SAO JOAO DO CARU";"São João do Carú";"MA"
"2111052";"SAO JOAO DO PARAISO";"São João do Paraíso";"MA"
"2111078";"SAO JOAO DO SOTER";"São João do Soter";"MA"
"2111102";"SAO JOAO DOS PATOS";"São João dos Patos";"MA"
"2111201";"SAO JOSE DE RIBAMAR";"São José de Ribamar";"MA"
"2111250";"SAO JOSE DOS BASILIOS";"São José dos Basílios";"MA"
"2111300";"SAO LUIS";"São Luís";"MA"
"2111409";"SAO LUIS GONZAGA DO MARANHAO";"São Luís Gonzaga do Maranhão";"MA"
"2111508";"SAO MATEUS DO MARANHAO";"São Mateus do Maranhão";"MA"
"2111532";"SAO PEDRO DA AGUA BRANCA";"São Pedro da Água Branca";"MA"
"2111573";"SAO PEDRO DOS CRENTES";"São Pedro dos Crentes";"MA"
"2111607";"SAO RAIMUNDO DAS MANGABEIRAS";"São Raimundo das Mangabeiras";"MA"
"2111631";"SAO RAIMUNDO DO DOCA BEZERRA";"São Raimundo do Doca Bezerra";"MA"
"2111672";"SAO ROBERTO";"São Roberto";"MA"
"2111706";"SAO VICENTE FERRER";"São Vicente Ferrer";"MA"
"2111722";"SATUBINHA";"Satubinha";"MA"
"2111748";"SENADOR ALEXANDRE COSTA";"Senador Alexandre Costa";"MA"
"2111763";"SENADOR LA ROCQUE";"Senador La Rocque";"MA"
"2111789";"SERRANO DO MARANHAO";"Serrano do Maranhão";"MA"
"2111805";"SITIO NOVO";"Sítio Novo";"MA"
"2111904";"SUCUPIRA DO NORTE";"Sucupira do Norte";"MA"
"2111953";"SUCUPIRA DO RIACHAO";"Sucupira do Riachão";"MA"
"2112001";"TASSO FRAGOSO";"Tasso Fragoso";"MA"
"2112100";"TIMBIRAS";"Timbiras";"MA"
"2112209";"TIMON";"Timon";"MA"
"2112233";"TRIZIDELA DO VALE";"Trizidela do Vale";"MA"
"2112274";"TUFILANDIA";"Tufilândia";"MA"
"2112308";"TUNTUM";"Tuntum";"MA"
"2112407";"TURIACU";"Turiaçu";"MA"
"2112456";"TURILANDIA";"Turilândia";"MA"
"2112506";"TUTOIA";"Tutóia";"MA"
"2112605";"URBANO SANTOS";"Urbano Santos";"MA"
"2112704";"VARGEM GRANDE";"Vargem Grande";"MA"
"2112803";"VIANA";"Viana";"MA"
"2112852";"VILA NOVA DOS MARTIRIOS";"Vila Nova dos Martírios";"MA"
"2112902";"VITORIA DO MEARIM";"Vitória do Mearim";"MA"
"2113009";"VITORINO FREIRE";"Vitorino Freire";"MA"
"2114007";"ZE DOCA";"Zé Doca";"MA"
"3125606";"FELISBURGO";"Felisburgo";"MG"
"3125705";"FELIXLANDIA";"Felixlândia";"MG"
"3125804";"FERNANDES TOURINHO";"Fernandes Tourinho";"MG"
"3125903";"FERROS";"Ferros";"MG"
"3125952";"FERVEDOURO";"Fervedouro";"MG"
"3126000";"FLORESTAL";"Florestal";"MG"
"3126109";"FORMIGA";"Formiga";"MG"
"3126208";"FORMOSO";"Formoso";"MG"
"3126307";"FORTALEZA DE MINAS";"Fortaleza de Minas";"MG"
"3126406";"FORTUNA DE MINAS";"Fortuna de Minas";"MG"
"3126505";"FRANCISCO BADARO";"Francisco Badaró";"MG"
"3126604";"FRANCISCO DUMONT";"Francisco Dumont";"MG"
"3126703";"FRANCISCO SA";"Francisco Sá";"MG"
"3126752";"FRANCISCOPOLIS";"Franciscópolis";"MG"
"3126802";"FREI GASPAR";"Frei Gaspar";"MG"
"3126901";"FREI INOCENCIO";"Frei Inocêncio";"MG"
"3126950";"FREI LAGONEGRO";"Frei Lagonegro";"MG"
"3127008";"FRONTEIRA";"Fronteira";"MG"
"3127057";"FRONTEIRA DOS VALES";"Fronteira dos Vales";"MG"
"3127073";"FRUTA DE LEITE";"Fruta de Leite";"MG"
"3127107";"FRUTAL";"Frutal";"MG"
"3127206";"FUNILANDIA";"Funilândia";"MG"
"3127305";"GALILEIA";"Galiléia";"MG"
"3127339";"GAMELEIRAS";"Gameleiras";"MG"
"3127354";"GLAUCILANDIA";"Glaucilândia";"MG"
"3127370";"GOIABEIRA";"Goiabeira";"MG"
"3127388";"GOIANA";"Goianá";"MG"
"3127404";"GONCALVES";"Gonçalves";"MG"
"3127503";"GONZAGA";"Gonzaga";"MG"
"3127602";"GOUVEIA";"Gouveia";"MG"
"3127701";"GOVERNADOR VALADARES";"Governador Valadares";"MG"
"3127800";"GRAO MOGOL";"Grão Mogol";"MG"
"3127909";"GRUPIARA";"Grupiara";"MG"
"3128006";"GUANHAES";"Guanhães";"MG"
"3128105";"GUAPE";"Guapé";"MG"
"3128204";"GUARACIABA";"Guaraciaba";"MG"
"3128253";"GUARACIAMA";"Guaraciama";"MG"
"3128303";"GUARANESIA";"Guaranésia";"MG"
"3128402";"GUARANI";"Guarani";"MG"
"3128501";"GUARARA";"Guarará";"MG"
"3128600";"GUARDA-MOR";"Guarda-Mor";"MG"
"3128709";"GUAXUPE";"Guaxupé";"MG"
"3128808";"GUIDOVAL";"Guidoval";"MG"
"3128907";"GUIMARANIA";"Guimarânia";"MG"
"3129004";"GUIRICEMA";"Guiricema";"MG"
"3129103";"GURINHATA";"Gurinhatã";"MG"
"3129202";"HELIODORA";"Heliodora";"MG"
"3129301";"IAPU";"Iapu";"MG"
"3129400";"IBERTIOGA";"Ibertioga";"MG"
"3129509";"IBIA";"Ibiá";"MG"
"3129608";"IBIAI";"Ibiaí";"MG"
"3129657";"IBIRACATU";"Ibiracatu";"MG"
"3129707";"IBIRACI";"Ibiraci";"MG"
"3129806";"IBIRITE";"Ibirité";"MG"
"3129905";"IBITIURA DE MINAS";"Ibitiúra de Minas";"MG"
"3130002";"IBITURUNA";"Ibituruna";"MG"
"3130051";"ICARAI DE MINAS";"Icaraí de Minas";"MG"
"3130101";"IGARAPE";"Igarapé";"MG"
"3130200";"IGARATINGA";"Igaratinga";"MG"
"3130309";"IGUATAMA";"Iguatama";"MG"
"3130408";"IJACI";"Ijaci";"MG"
"3130507";"ILICINEA";"Ilicínea";"MG"
"3130556";"IMBE DE MINAS";"Imbé de Minas";"MG"
"3130606";"INCONFIDENTES";"Inconfidentes";"MG"
"3130655";"INDAIABIRA";"Indaiabira";"MG"
"3130705";"INDIANOPOLIS";"Indianópolis";"MG"
"3130804";"INGAI";"Ingaí";"MG"
"3130903";"INHAPIM";"Inhapim";"MG"
"3131000";"INHAUMA";"Inhaúma";"MG"
"3131109";"INIMUTABA";"Inimutaba";"MG"
"3131158";"IPABA";"Ipaba";"MG"
"3131208";"IPANEMA";"Ipanema";"MG"
"3131307";"IPATINGA";"Ipatinga";"MG"
"3131406";"IPIACU";"Ipiaçu";"MG"
"3131505";"IPUIUNA";"Ipuiúna";"MG"
"3131604";"IRAI DE MINAS";"Iraí de Minas";"MG"
"3131703";"ITABIRA";"Itabira";"MG"
"3131802";"ITABIRINHA";"Itabirinha";"MG"
"3131901";"ITABIRITO";"Itabirito";"MG"
"3132008";"ITACAMBIRA";"Itacambira";"MG"
"3132107";"ITACARAMBI";"Itacarambi";"MG"
"3132206";"ITAGUARA";"Itaguara";"MG"
"3132305";"ITAIPE";"Itaipé";"MG"
"3132404";"ITAJUBA";"Itajubá";"MG"
"3132503";"ITAMARANDIBA";"Itamarandiba";"MG"
"3132602";"ITAMARATI DE MINAS";"Itamarati de Minas";"MG"
"3132701";"ITAMBACURI";"Itambacuri";"MG"
"3132800";"ITAMBE DO MATO DENTRO";"Itambé do Mato Dentro";"MG"
"3132909";"ITAMOGI";"Itamogi";"MG"
"3133006";"ITAMONTE";"Itamonte";"MG"
"3133105";"ITANHANDU";"Itanhandu";"MG"
"3133204";"ITANHOMI";"Itanhomi";"MG"
"3133303";"ITAOBIM";"Itaobim";"MG"
"3133402";"ITAPAGIPE";"Itapagipe";"MG"
"3133501";"ITAPECERICA";"Itapecerica";"MG"
"3133600";"ITAPEVA";"Itapeva";"MG"
"3133709";"ITATIAIUCU";"Itatiaiuçu";"MG"
"3133758";"ITAU DE MINAS";"Itaú de Minas";"MG"
"3133808";"ITAUNA";"Itaúna";"MG"
"3133907";"ITAVERAVA";"Itaverava";"MG"
"3134004";"ITINGA";"Itinga";"MG"
"3134103";"ITUETA";"Itueta";"MG"
"3134202";"ITUIUTABA";"Ituiutaba";"MG"
"3134301";"ITUMIRIM";"Itumirim";"MG"
"3134400";"ITURAMA";"Iturama";"MG"
"3134509";"ITUTINGA";"Itutinga";"MG"
"3134608";"JABOTICATUBAS";"Jaboticatubas";"MG"
"3134707";"JACINTO";"Jacinto";"MG"
"3134806";"JACUI";"Jacuí";"MG"
"3134905";"JACUTINGA";"Jacutinga";"MG"
"3135001";"JAGUARACU";"Jaguaraçu";"MG"
"3135050";"JAIBA";"Jaíba";"MG"
"3135076";"JAMPRUCA";"Jampruca";"MG"
"3135100";"JANAUBA";"Janaúba";"MG"
"3135209";"JANUARIA";"Januária";"MG"
"3135308";"JAPARAIBA";"Japaraíba";"MG"
"3135357";"JAPONVAR";"Japonvar";"MG"
"3135407";"JECEABA";"Jeceaba";"MG"
"3135456";"JENIPAPO DE MINAS";"Jenipapo de Minas";"MG"
"3135506";"JEQUERI";"Jequeri";"MG"
"3135605";"JEQUITAI";"Jequitaí";"MG"
"3135704";"JEQUITIBA";"Jequitibá";"MG"
"3135803";"JEQUITINHONHA";"Jequitinhonha";"MG"
"3135902";"JESUANIA";"Jesuânia";"MG"
"3136009";"JOAIMA";"Joaíma";"MG"
"3136108";"JOANESIA";"Joanésia";"MG"
"3136207";"JOAO MONLEVADE";"João Monlevade";"MG"
"3136306";"JOAO PINHEIRO";"João Pinheiro";"MG"
"3136405";"JOAQUIM FELICIO";"Joaquim Felício";"MG"
"3136504";"JORDANIA";"Jordânia";"MG"
"3136520";"JOSE GONCALVES DE MINAS";"José Gonçalves de Minas";"MG"
"3136553";"JOSE RAYDAN";"José Raydan";"MG"
"3136579";"JOSENOPOLIS";"Josenópolis";"MG"
"3136603";"NOVA UNIAO";"Nova União";"MG"
"3136652";"JUATUBA";"Juatuba";"MG"
"3136702";"JUIZ DE FORA";"Juiz de Fora";"MG"
"3136801";"JURAMENTO";"Juramento";"MG"
"3136900";"JURUAIA";"Juruaia";"MG"
"3136959";"JUVENILIA";"Juvenília";"MG"
"3137007";"LADAINHA";"Ladainha";"MG"
"3137106";"LAGAMAR";"Lagamar";"MG"
"3137205";"LAGOA DA PRATA";"Lagoa da Prata";"MG"
"3137304";"LAGOA DOS PATOS";"Lagoa dos Patos";"MG"
"3137403";"LAGOA DOURADA";"Lagoa Dourada";"MG"
"3137502";"LAGOA FORMOSA";"Lagoa Formosa";"MG"
"3137536";"LAGOA GRANDE";"Lagoa Grande";"MG"
"3137601";"LAGOA SANTA";"Lagoa Santa";"MG"
"3137700";"LAJINHA";"Lajinha";"MG"
"3137809";"LAMBARI";"Lambari";"MG"
"3137908";"LAMIM";"Lamim";"MG"
"3138005";"LARANJAL";"Laranjal";"MG"
"3138104";"LASSANCE";"Lassance";"MG"
"3138203";"LAVRAS";"Lavras";"MG"
"3138302";"LEANDRO FERREIRA";"Leandro Ferreira";"MG"
"3138351";"LEME DO PRADO";"Leme do Prado";"MG"
"3138401";"LEOPOLDINA";"Leopoldina";"MG"
"3138500";"LIBERDADE";"Liberdade";"MG"
"3138609";"LIMA DUARTE";"Lima Duarte";"MG"
"3138625";"LIMEIRA DO OESTE";"Limeira do Oeste";"MG"
"3138658";"LONTRA";"Lontra";"MG"
"3138674";"LUISBURGO";"Luisburgo";"MG"
"3138682";"LUISLANDIA";"Luislândia";"MG"
"3138708";"LUMINARIAS";"Luminárias";"MG"
"3138807";"LUZ";"Luz";"MG"
"3138906";"MACHACALIS";"Machacalis";"MG"
"3139003";"MACHADO";"Machado";"MG"
"3139102";"MADRE DE DEUS DE MINAS";"Madre de Deus de Minas";"MG"
"3139201";"MALACACHETA";"Malacacheta";"MG"
"3139250";"MAMONAS";"Mamonas";"MG"
"3139300";"MANGA";"Manga";"MG"
"3139409";"MANHUACU";"Manhuaçu";"MG"
"3139508";"MANHUMIRIM";"Manhumirim";"MG"
"3139607";"MANTENA";"Mantena";"MG"
"3139706";"MARAVILHAS";"Maravilhas";"MG"
"3139805";"MAR DE ESPANHA";"Mar de Espanha";"MG"
"3139904";"MARIA DA FE";"Maria da Fé";"MG"
"3140001";"MARIANA";"Mariana";"MG"
"3140100";"MARILAC";"Marilac";"MG"
"3140159";"MARIO CAMPOS";"Mário Campos";"MG"
"3140209";"MARIPA DE MINAS";"Maripá de Minas";"MG"
"3140308";"MARLIERIA";"Marliéria";"MG"
"3140407";"MARMELOPOLIS";"Marmelópolis";"MG"
"3140506";"MARTINHO CAMPOS";"Martinho Campos";"MG"
"3140530";"MARTINS SOARES";"Martins Soares";"MG"
"3140555";"MATA VERDE";"Mata Verde";"MG"
"3140605";"MATERLANDIA";"Materlândia";"MG"
"3140704";"MATEUS LEME";"Mateus Leme";"MG"
"3140803";"MATIAS BARBOSA";"Matias Barbosa";"MG"
"3140852";"MATIAS CARDOSO";"Matias Cardoso";"MG"
"3140902";"MATIPO";"Matipó";"MG"
"3141009";"MATO VERDE";"Mato Verde";"MG"
"3141108";"MATOZINHOS";"Matozinhos";"MG"
"3420103";"IGARAPAVA";"Igarapava";"SP"
"3420202";"IGARATA";"Igaratá";"SP"
"3420301";"IGUAPE";"Iguape";"SP"
"3420400";"ILHABELA";"Ilhabela";"SP"
"3420426";"ILHA COMPRIDA";"Ilha Comprida";"SP"
"3420442";"ILHA SOLTEIRA";"Ilha Solteira";"SP"
"3420509";"INDAIATUBA";"Indaiatuba";"SP"
"3420608";"INDIANA";"Indiana";"SP"
"3420707";"INDIAPORA";"Indiaporã";"SP"
"3420806";"INUBIA PAULISTA";"Inúbia Paulista";"SP"
"3420905";"IPAUSSU";"Ipaussu";"SP"
"3421002";"IPERO";"Iperó";"SP"
"3421101";"IPEUNA";"Ipeúna";"SP"
"3421150";"IPIGUA";"Ipiguá";"SP"
"3421200";"IPORANGA";"Iporanga";"SP"
"3421309";"IPUA";"Ipuã";"SP"
"3421408";"IRACEMAPOLIS";"Iracemápolis";"SP"
"3421507";"IRAPUA";"Irapuã";"SP"
"3421606";"IRAPURU";"Irapuru";"SP"
"3421705";"ITABERA";"Itaberá";"SP"
"3421804";"ITAI";"Itaí";"SP"
"3421903";"ITAJOBI";"Itajobi";"SP"
"3422000";"ITAJU";"Itaju";"SP"
"3422109";"ITANHAEM";"Itanhaém";"SP"
"3422158";"ITAOCA";"Itaóca";"SP"
"3422208";"ITAPECERICA DA SERRA";"Itapecerica da Serra";"SP"
"3422307";"ITAPETININGA";"Itapetininga";"SP"
"3422406";"ITAPEVA";"Itapeva";"SP"
"3422505";"ITAPEVI";"Itapevi";"SP"
"3422604";"ITAPIRA";"Itapira";"SP"
"3422653";"ITAPIRAPUA PAULISTA";"Itapirapuã Paulista";"SP"
"3422703";"ITAPOLIS";"Itápolis";"SP"
"3422802";"ITAPORANGA";"Itaporanga";"SP"
"3422901";"ITAPUI";"Itapuí";"SP"
"3423008";"ITAPURA";"Itapura";"SP"
"3423107";"ITAQUAQUECETUBA";"Itaquaquecetuba";"SP"
"3423206";"ITARARE";"Itararé";"SP"
"3423305";"ITARIRI";"Itariri";"SP"
"3423404";"ITATIBA";"Itatiba";"SP"
"3423503";"ITATINGA";"Itatinga";"SP"
"3423602";"ITIRAPINA";"Itirapina";"SP"
"3423701";"ITIRAPUA";"Itirapuã";"SP"
"3423800";"ITOBI";"Itobi";"SP"
"3423909";"ITU";"Itu";"SP"
"3424006";"ITUPEVA";"Itupeva";"SP"
"3424105";"ITUVERAVA";"Ituverava";"SP"
"3424204";"JABORANDI";"Jaborandi";"SP"
"3424303";"JABOTICABAL";"Jaboticabal";"SP"
"3424402";"JACAREI";"Jacareí";"SP"
"3424501";"JACI";"Jaci";"SP"
"3424600";"JACUPIRANGA";"Jacupiranga";"SP"
"3424709";"JAGUARIUNA";"Jaguariúna";"SP"
"3424808";"JALES";"Jales";"SP"
"3424907";"JAMBEIRO";"Jambeiro";"SP"
"3425003";"JANDIRA";"Jandira";"SP"
"3425102";"JARDINOPOLIS";"Jardinópolis";"SP"
"3425201";"JARINU";"Jarinu";"SP"
"3425300";"JAU";"Jaú";"SP"
"3425409";"JERIQUARA";"Jeriquara";"SP"
"3425508";"JOANOPOLIS";"Joanópolis";"SP"
"1506807";"SANTAREM";"Santarém";"PA"
"1506906";"SANTAREM NOVO";"Santarém Novo";"PA"
"1507003";"SANTO ANTONIO DO TAUA";"Santo Antônio do Tauá";"PA"
"1507102";"SAO CAETANO DE ODIVELAS";"São Caetano de Odivelas";"PA"
"1507151";"SAO DOMINGOS DO ARAGUAIA";"São Domingos do Araguaia";"PA"
"1507201";"SAO DOMINGOS DO CAPIM";"São Domingos do Capim";"PA"
"1507300";"SAO FELIX DO XINGU";"São Félix do Xingu";"PA"
"1507409";"SAO FRANCISCO DO PARA";"São Francisco do Pará";"PA"
"1507458";"SAO GERALDO DO ARAGUAIA";"São Geraldo do Araguaia";"PA"
"1507466";"SAO JOAO DA PONTA";"São João da Ponta";"PA"
"1507474";"SAO JOAO DE PIRABAS";"São João de Pirabas";"PA"
"1507508";"SAO JOAO DO ARAGUAIA";"São João do Araguaia";"PA"
"1507607";"SAO MIGUEL DO GUAMA";"São Miguel do Guamá";"PA"
"1507706";"SAO SEBASTIAO DA BOA VISTA";"São Sebastião da Boa Vista";"PA"
"1507755";"SAPUCAIA";"Sapucaia";"PA"
"1507805";"SENADOR JOSE PORFIRIO";"Senador José Porfírio";"PA"
"1507904";"SOURE";"Soure";"PA"
"1507953";"TAILANDIA";"Tailândia";"PA"
"1507961";"TERRA ALTA";"Terra Alta";"PA"
"1507979";"TERRA SANTA";"Terra Santa";"PA"
"1508001";"TOME-ACU";"Tomé-Açu";"PA"
"1508035";"TRACUATEUA";"Tracuateua";"PA"
"1508050";"TRAIRAO";"Trairão";"PA"
"1508084";"TUCUMA";"Tucumã";"PA"
"1508100";"TUCURUI";"Tucuruí";"PA"
"1508126";"ULIANOPOLIS";"Ulianópolis";"PA"
"1508159";"URUARA";"Uruará";"PA"
"1508209";"VIGIA";"Vigia";"PA"
"1508308";"VISEU";"Viseu";"PA"
"1508357";"VITORIA DO XINGU";"Vitória do Xingu";"PA"
"1508407";"XINGUARA";"Xinguara";"PA"
"1600055";"SERRA DO NAVIO";"Serra do Navio";"AP"
"1600105";"AMAPA";"Amapá";"AP"
"1600154";"PEDRA BRANCA DO AMAPARI";"Pedra Branca do Amapari";"AP"
"1600204";"CALCOENE";"Calçoene";"AP"
"1600212";"CUTIAS";"Cutias";"AP"
"1600238";"FERREIRA GOMES";"Ferreira Gomes";"AP"
"1600253";"ITAUBAL";"Itaubal";"AP"
"1600279";"LARANJAL DO JARI";"Laranjal do Jari";"AP"
"1600303";"MACAPA";"Macapá";"AP"
"1600402";"MAZAGAO";"Mazagão";"AP"
"1600501";"OIAPOQUE";"Oiapoque";"AP"
"1600535";"PORTO GRANDE";"Porto Grande";"AP"
"1600550";"PRACUUBA";"Pracuúba";"AP"
"1600600";"SANTANA";"Santana";"AP"
"1600709";"TARTARUGALZINHO";"Tartarugalzinho";"AP"
"1600808";"VITORIA DO JARI";"Vitória do Jari";"AP"
"1700251";"ABREULANDIA";"Abreulândia";"TO"
"1700301";"AGUIARNOPOLIS";"Aguiarnópolis";"TO"
"1700350";"ALIANCA DO TOCANTINS";"Aliança do Tocantins";"TO"
"1700400";"ALMAS";"Almas";"TO"
"1700707";"ALVORADA";"Alvorada";"TO"
"1701002";"ANANAS";"Ananás";"TO"
"1701051";"ANGICO";"Angico";"TO"
"1701101";"APARECIDA DO RIO NEGRO";"Aparecida do Rio Negro";"TO"
"1701309";"ARAGOMINAS";"Aragominas";"TO"
"1701903";"ARAGUACEMA";"Araguacema";"TO"
"1702000";"ARAGUACU";"Araguaçu";"TO"
"1702109";"ARAGUAINA";"Araguaína";"TO"
"1702158";"ARAGUANA";"Araguanã";"TO"
"1702208";"ARAGUATINS";"Araguatins";"TO"
"1702307";"ARAPOEMA";"Arapoema";"TO"
"1702406";"ARRAIAS";"Arraias";"TO"
"1702554";"AUGUSTINOPOLIS";"Augustinópolis";"TO"
"1702703";"AURORA DO TOCANTINS";"Aurora do Tocantins";"TO"
"1702901";"AXIXA DO TOCANTINS";"Axixá do Tocantins";"TO"
"1703008";"BABACULANDIA";"Babaçulândia";"TO"
"1703057";"BANDEIRANTES DO TOCANTINS";"Bandeirantes do Tocantins";"TO"
"1703073";"BARRA DO OURO";"Barra do Ouro";"TO"
"1703107";"BARROLANDIA";"Barrolândia";"TO"
"1703206";"BERNARDO SAYAO";"Bernardo Sayão";"TO"
"1703305";"BOM JESUS DO TOCANTINS";"Bom Jesus do Tocantins";"TO"
"1703602";"BRASILANDIA DO TOCANTINS";"Brasilândia do Tocantins";"TO"
"1703701";"BREJINHO DE NAZARE";"Brejinho de Nazaré";"TO"
"1703800";"BURITI DO TOCANTINS";"Buriti do Tocantins";"TO"
"1703826";"CACHOEIRINHA";"Cachoeirinha";"TO"
"1703842";"CAMPOS LINDOS";"Campos Lindos";"TO"
"1703867";"CARIRI DO TOCANTINS";"Cariri do Tocantins";"TO"
"1703883";"CARMOLANDIA";"Carmolândia";"TO"
"1703891";"CARRASCO BONITO";"Carrasco Bonito";"TO"
"1703909";"CASEARA";"Caseara";"TO"
"1704105";"CENTENARIO";"Centenário";"TO"
"1704600";"CHAPADA DE AREIA";"Chapada de Areia";"TO"
"1705102";"CHAPADA DA NATIVIDADE";"Chapada da Natividade";"TO"
"1705508";"COLINAS DO TOCANTINS";"Colinas do Tocantins";"TO"
"1705557";"COMBINADO";"Combinado";"TO"
"1705607";"CONCEICAO DO TOCANTINS";"Conceição do Tocantins";"TO"
"1706001";"COUTO DE MAGALHAES";"Couto de Magalhães";"TO"
"1706100";"CRISTALANDIA";"Cristalândia";"TO"
"1706258";"CRIXAS DO TOCANTINS";"Crixás do Tocantins";"TO"
"1706506";"DARCINOPOLIS";"Darcinópolis";"TO"
"1707009";"DIANOPOLIS";"Dianópolis";"TO"
"1707108";"DIVINOPOLIS DO TOCANTINS";"Divinópolis do Tocantins";"TO"
"1707207";"DOIS IRMAOS DO TOCANTINS";"Dois Irmãos do Tocantins";"TO"
"1707306";"DUERE";"Dueré";"TO"
"1707405";"ESPERANTINA";"Esperantina";"TO"
"1707553";"FATIMA";"Fátima";"TO"
"1707652";"FIGUEIROPOLIS";"Figueirópolis";"TO"
"1707702";"FILADELFIA";"Filadélfia";"TO"
"1708205";"FORMOSO DO ARAGUAIA";"Formoso do Araguaia";"TO"
"1708254";"FORTALEZA DO TABOCAO";"Fortaleza do Tabocão";"TO"
"1708304";"GOIANORTE";"Goianorte";"TO"
"1709005";"GOIATINS";"Goiatins";"TO"
"1709302";"GUARAI";"Guaraí";"TO"
"1709500";"GURUPI";"Gurupi";"TO"
"1709807";"IPUEIRAS";"Ipueiras";"TO"
"1710508";"ITACAJA";"Itacajá";"TO"
"1710706";"ITAGUATINS";"Itaguatins";"TO"
"1710904";"ITAPIRATINS";"Itapiratins";"TO"
"1711100";"ITAPORA DO TOCANTINS";"Itaporã do Tocantins";"TO"
"1711506";"JAU DO TOCANTINS";"Jaú do Tocantins";"TO"
"1711803";"JUARINA";"Juarina";"TO"
"1711902";"LAGOA DA CONFUSAO";"Lagoa da Confusão";"TO"
"1711951";"LAGOA DO TOCANTINS";"Lagoa do Tocantins";"TO"
"1712009";"LAJEADO";"Lajeado";"TO"
"1712157";"LAVANDEIRA";"Lavandeira";"TO"
"1712405";"LIZARDA";"Lizarda";"TO"
"1712454";"LUZINOPOLIS";"Luzinópolis";"TO"
"1712504";"MARIANOPOLIS DO TOCANTINS";"Marianópolis do Tocantins";"TO"
"1712702";"MATEIROS";"Mateiros";"TO"
"1712801";"MAURILANDIA DO TOCANTINS";"Maurilândia do Tocantins";"TO"
"1713205";"MIRACEMA DO TOCANTINS";"Miracema do Tocantins";"TO"
"1713304";"MIRANORTE";"Miranorte";"TO"
"1713601";"MONTE DO CARMO";"Monte do Carmo";"TO"
"1713700";"MONTE SANTO DO TOCANTINS";"Monte Santo do Tocantins";"TO"
"1713809";"PALMEIRAS DO TOCANTINS";"Palmeiras do Tocantins";"TO"
"1713957";"MURICILANDIA";"Muricilândia";"TO"
"1714203";"NATIVIDADE";"Natividade";"TO"
"1714302";"NAZARE";"Nazaré";"TO"
"1714880";"NOVA OLINDA";"Nova Olinda";"TO"
"1715002";"NOVA ROSALANDIA";"Nova Rosalândia";"TO"
"1715101";"NOVO ACORDO";"Novo Acordo";"TO"
"1715150";"NOVO ALEGRE";"Novo Alegre";"TO"
"1715259";"NOVO JARDIM";"Novo Jardim";"TO"
"1715507";"OLIVEIRA DE FATIMA";"Oliveira de Fátima";"TO"
"1715705";"PALMEIRANTE";"Palmeirante";"TO"
"1715754";"PALMEIROPOLIS";"Palmeirópolis";"TO"
"1716109";"PARAISO DO TOCANTINS";"Paraíso do Tocantins";"TO"
"1716208";"PARANA";"Paranã";"TO"
"1716307";"PAU D'ARCO";"Pau D'Arco";"TO"
"1716505";"PEDRO AFONSO";"Pedro Afonso";"TO"
"1716604";"PEIXE";"Peixe";"TO"
"1716653";"PEQUIZEIRO";"Pequizeiro";"TO"
"1716703";"COLMEIA";"Colméia";"TO"
"1717008";"PINDORAMA DO TOCANTINS";"Pindorama do Tocantins";"TO"
"1717206";"PIRAQUE";"Piraquê";"TO"
"1717503";"PIUM";"Pium";"TO"
"1717800";"PONTE ALTA DO BOM JESUS";"Ponte Alta do Bom Jesus";"TO"
"1717909";"PONTE ALTA DO TOCANTINS";"Ponte Alta do Tocantins";"TO"
"1718006";"PORTO ALEGRE DO TOCANTINS";"Porto Alegre do Tocantins";"TO"
"1718204";"PORTO NACIONAL";"Porto Nacional";"TO"
"1718303";"PRAIA NORTE";"Praia Norte";"TO"
"1718402";"PRESIDENTE KENNEDY";"Presidente Kennedy";"TO"
"1718451";"PUGMIL";"Pugmil";"TO"
"1718501";"RECURSOLANDIA";"Recursolândia";"TO"
"1718550";"RIACHINHO";"Riachinho";"TO"
"1718659";"RIO DA CONCEICAO";"Rio da Conceição";"TO"
"1718709";"RIO DOS BOIS";"Rio dos Bois";"TO"
"1718758";"RIO SONO";"Rio Sono";"TO"
"1718808";"SAMPAIO";"Sampaio";"TO"
"1718840";"SANDOLANDIA";"Sandolândia";"TO"
"1718865";"SANTA FE DO ARAGUAIA";"Santa Fé do Araguaia";"TO"
"1718881";"SANTA MARIA DO TOCANTINS";"Santa Maria do Tocantins";"TO"
"3118700";"COQUEIRAL";"Coqueiral";"MG"
"3118809";"CORACAO DE JESUS";"Coração de Jesus";"MG"
"3118908";"CORDISBURGO";"Cordisburgo";"MG"
"3119005";"CORDISLANDIA";"Cordislândia";"MG"
"3119104";"CORINTO";"Corinto";"MG"
"3119203";"COROACI";"Coroaci";"MG"
"3119302";"COROMANDEL";"Coromandel";"MG"
"2708006";"SANTANA DO IPANEMA";"Santana do Ipanema";"AL"
"2708105";"SANTANA DO MUNDAU";"Santana do Mundaú";"AL"
"2708204";"SAO BRAS";"São Brás";"AL"
"2708303";"SAO JOSE DA LAJE";"São José da Laje";"AL"
"2708402";"SAO JOSE DA TAPERA";"São José da Tapera";"AL"
"2708501";"SAO LUIS DO QUITUNDE";"São Luís do Quitunde";"AL"
"2708600";"SAO MIGUEL DOS CAMPOS";"São Miguel dos Campos";"AL"
"2708709";"SAO MIGUEL DOS MILAGRES";"São Miguel dos Milagres";"AL"
"2708808";"SAO SEBASTIAO";"São Sebastião";"AL"
"2708907";"SATUBA";"Satuba";"AL"
"2708956";"SENADOR RUI PALMEIRA";"Senador Rui Palmeira";"AL"
"2709004";"TANQUE D'ARCA";"Tanque d'Arca";"AL"
"2709103";"TAQUARANA";"Taquarana";"AL"
"2709152";"TEOTONIO VILELA";"Teotônio Vilela";"AL"
"2709202";"TRAIPU";"Traipu";"AL"
"2709301";"UNIAO DOS PALMARES";"União dos Palmares";"AL"
"2709400";"VICOSA";"Viçosa";"AL"
"2800100";"AMPARO DE SAO FRANCISCO";"Amparo de São Francisco";"SE"
"2800209";"AQUIDABA";"Aquidabã";"SE"
"2800308";"ARACAJU";"Aracaju";"SE"
"2800407";"ARAUA";"Arauá";"SE"
"2800506";"AREIA BRANCA";"Areia Branca";"SE"
"2800605";"BARRA DOS COQUEIROS";"Barra dos Coqueiros";"SE"
"2800670";"BOQUIM";"Boquim";"SE"
"2800704";"BREJO GRANDE";"Brejo Grande";"SE"
"2801009";"CAMPO DO BRITO";"Campo do Brito";"SE"
"2801108";"CANHOBA";"Canhoba";"SE"
"2801207";"CANINDE DE SAO FRANCISCO";"Canindé de São Francisco";"SE"
"2801306";"CAPELA";"Capela";"SE"
"2801405";"CARIRA";"Carira";"SE"
"2801504";"CARMOPOLIS";"Carmópolis";"SE"
"2801603";"CEDRO DE SAO JOAO";"Cedro de São João";"SE"
"2801702";"CRISTINAPOLIS";"Cristinápolis";"SE"
"2801900";"CUMBE";"Cumbe";"SE"
"2802007";"DIVINA PASTORA";"Divina Pastora";"SE"
"2802106";"ESTANCIA";"Estância";"SE"
"2802205";"FEIRA NOVA";"Feira Nova";"SE"
"2802304";"FREI PAULO";"Frei Paulo";"SE"
"2802403";"GARARU";"Gararu";"SE"
"2802502";"GENERAL MAYNARD";"General Maynard";"SE"
"2802601";"GRACHO CARDOSO";"Gracho Cardoso";"SE"
"2802700";"ILHA DAS FLORES";"Ilha das Flores";"SE"
"2802809";"INDIAROBA";"Indiaroba";"SE"
"2802908";"ITABAIANA";"Itabaiana";"SE"
"2803005";"ITABAIANINHA";"Itabaianinha";"SE"
"2803104";"ITABI";"Itabi";"SE"
"2803203";"ITAPORANGA D'AJUDA";"Itaporanga d'Ajuda";"SE"
"2803302";"JAPARATUBA";"Japaratuba";"SE"
"2803401";"JAPOATA";"Japoatã";"SE"
"2803500";"LAGARTO";"Lagarto";"SE"
"2803609";"LARANJEIRAS";"Laranjeiras";"SE"
"2803708";"MACAMBIRA";"Macambira";"SE"
"2803807";"MALHADA DOS BOIS";"Malhada dos Bois";"SE"
"2803906";"MALHADOR";"Malhador";"SE"
"2804003";"MARUIM";"Maruim";"SE"
"2804102";"MOITA BONITA";"Moita Bonita";"SE"
"2804201";"MONTE ALEGRE DE SERGIPE";"Monte Alegre de Sergipe";"SE"
"2804300";"MURIBECA";"Muribeca";"SE"
"2804409";"NEOPOLIS";"Neópolis";"SE"
"2804458";"NOSSA SENHORA APARECIDA";"Nossa Senhora Aparecida";"SE"
"2804508";"NOSSA SENHORA DA GLORIA";"Nossa Senhora da Glória";"SE"
"2804607";"NOSSA SENHORA DAS DORES";"Nossa Senhora das Dores";"SE"
"2804706";"NOSSA SENHORA DE LOURDES";"Nossa Senhora de Lourdes";"SE"
"2804805";"NOSSA SENHORA DO SOCORRO";"Nossa Senhora do Socorro";"SE"
"2804904";"PACATUBA";"Pacatuba";"SE"
"2805000";"PEDRA MOLE";"Pedra Mole";"SE"
"2805109";"PEDRINHAS";"Pedrinhas";"SE"
"2805208";"PINHAO";"Pinhão";"SE"
"2805307";"PIRAMBU";"Pirambu";"SE"
"2805406";"POCO REDONDO";"Poço Redondo";"SE"
"2805505";"POCO VERDE";"Poço Verde";"SE"
"2805604";"PORTO DA FOLHA";"Porto da Folha";"SE"
"2805703";"PROPRIA";"Propriá";"SE"
"2805802";"RIACHAO DO DANTAS";"Riachão do Dantas";"SE"
"2805901";"RIACHUELO";"Riachuelo";"SE"
"2806008";"RIBEIROPOLIS";"Ribeirópolis";"SE"
"2806107";"ROSARIO DO CATETE";"Rosário do Catete";"SE"
"2806206";"SALGADO";"Salgado";"SE"
"2806305";"SANTA LUZIA DO ITANHY";"Santa Luzia do Itanhy";"SE"
"2806404";"SANTANA DO SAO FRANCISCO";"Santana do São Francisco";"SE"
"2806503";"SANTA ROSA DE LIMA";"Santa Rosa de Lima";"SE"
"2806602";"SANTO AMARO DAS BROTAS";"Santo Amaro das Brotas";"SE"
"2806701";"SAO CRISTOVAO";"São Cristóvão";"SE"
"2806800";"SAO DOMINGOS";"São Domingos";"SE"
"2806909";"SAO FRANCISCO";"São Francisco";"SE"
"2807006";"SAO MIGUEL DO ALEIXO";"São Miguel do Aleixo";"SE"
"2807105";"SIMAO DIAS";"Simão Dias";"SE"
"2807204";"SIRIRI";"Siriri";"SE"
"2807303";"TELHA";"Telha";"SE"
"2807402";"TOBIAS BARRETO";"Tobias Barreto";"SE"
"2807501";"TOMAR DO GERU";"Tomar do Geru";"SE"
"2807600";"UMBAUBA";"Umbaúba";"SE"
"2900108";"ABAIRA";"Abaíra";"BA"
"2900207";"ABARE";"Abaré";"BA"
"2900306";"ACAJUTIBA";"Acajutiba";"BA"
"2900355";"ADUSTINA";"Adustina";"BA"
"2900405";"AGUA FRIA";"Água Fria";"BA"
"2900504";"ERICO CARDOSO";"Érico Cardoso";"BA"
"2900603";"AIQUARA";"Aiquara";"BA"
"2900702";"ALAGOINHAS";"Alagoinhas";"BA"
"2900801";"ALCOBACA";"Alcobaça";"BA"
"2900900";"ALMADINA";"Almadina";"BA"
"2901007";"AMARGOSA";"Amargosa";"BA"
"2901106";"AMELIA RODRIGUES";"Amélia Rodrigues";"BA"
"2901155";"AMERICA DOURADA";"América Dourada";"BA"
"2901205";"ANAGE";"Anagé";"BA"
"2901304";"ANDARAI";"Andaraí";"BA"
"2901353";"ANDORINHA";"Andorinha";"BA"
"2901403";"ANGICAL";"Angical";"BA"
"2901502";"ANGUERA";"Anguera";"BA"
"2901601";"ANTAS";"Antas";"BA"
"2901700";"ANTONIO CARDOSO";"Antônio Cardoso";"BA"
"2901809";"ANTONIO GONCALVES";"Antônio Gonçalves";"BA"
"2901908";"APORA";"Aporá";"BA"
"2901957";"APUAREMA";"Apuarema";"BA"
"2902005";"ARACATU";"Aracatu";"BA"
"2902054";"ARACAS";"Araças";"BA"
"2902104";"ARACI";"Araci";"BA"
"2902203";"ARAMARI";"Aramari";"BA"
"2902252";"ARATACA";"Arataca";"BA"
"2902302";"ARATUIPE";"Aratuípe";"BA"
"2902401";"AURELINO LEAL";"Aurelino Leal";"BA"
"2902500";"BAIANOPOLIS";"Baianópolis";"BA"
"2902609";"BAIXA GRANDE";"Baixa Grande";"BA"
"2902658";"BANZAE";"Banzaê";"BA"
"2902708";"BARRA";"Barra";"BA"
"2902807";"BARRA DA ESTIVA";"Barra da Estiva";"BA"
"2902906";"BARRA DO CHOCA";"Barra do Choça";"BA"
"2903003";"BARRA DO MENDES";"Barra do Mendes";"BA"
"2903102";"BARRA DO ROCHA";"Barra do Rocha";"BA"
"2903201";"BARREIRAS";"Barreiras";"BA"
"2903235";"BARRO ALTO";"Barro Alto";"BA"
"2903276";"BARROCAS";"Barrocas";"BA"
"2903300";"BARRO PRETO";"Barro Preto";"BA"
"2903409";"BELMONTE";"Belmonte";"BA"
"2903508";"BELO CAMPO";"Belo Campo";"BA"
"2903607";"BIRITINGA";"Biritinga";"BA"
"2903706";"BOA NOVA";"Boa Nova";"BA"
"2903805";"BOA VISTA DO TUPIM";"Boa Vista do Tupim";"BA"
"2903904";"BOM JESUS DA LAPA";"Bom Jesus da Lapa";"BA"
"2903953";"BOM JESUS DA SERRA";"Bom Jesus da Serra";"BA"
"2904001";"BONINAL";"Boninal";"BA"
"2904050";"BONITO";"Bonito";"BA"
"2904100";"BOQUIRA";"Boquira";"BA"
"2904209";"BOTUPORA";"Botuporã";"BA"
"2904308";"BREJOES";"Brejões";"BA"
"2904407";"BREJOLANDIA";"Brejolândia";"BA"
"2904506";"BROTAS DE MACAUBAS";"Brotas de Macaúbas";"BA"
"2904605";"BRUMADO";"Brumado";"BA"
"2904704";"BUERAREMA";"Buerarema";"BA"
"2904753";"BURITIRAMA";"Buritirama";"BA"
"2904803";"CAATIBA";"Caatiba";"BA"
"2904852";"CABACEIRAS DO PARAGUACU";"Cabaceiras do Paraguaçu";"BA"
"2904902";"CACHOEIRA";"Cachoeira";"BA"
"2905008";"CACULE";"Caculé";"BA"
"2905107";"CAEM";"Caém";"BA"
"2905156";"CAETANOS";"Caetanos";"BA"
"2905206";"CAETITE";"Caetité";"BA"
"2905305";"CAFARNAUM";"Cafarnaum";"BA"
"2905404";"CAIRU";"Cairu";"BA"
"2905503";"CALDEIRAO GRANDE";"Caldeirão Grande";"BA"
"2905602";"CAMACAN";"Camacan";"BA"
"2905701";"CAMACARI";"Camaçari";"BA"
"2905800";"CAMAMU";"Camamu";"BA"
"2905909";"CAMPO ALEGRE DE LOURDES";"Campo Alegre de Lourdes";"BA"
"2906006";"CAMPO FORMOSO";"Campo Formoso";"BA"
"2906105";"CANAPOLIS";"Canápolis";"BA"
"2906204";"CANARANA";"Canarana";"BA"
"2906303";"CANAVIEIRAS";"Canavieiras";"BA"
"2906402";"CANDEAL";"Candeal";"BA"
"2906501";"CANDEIAS";"Candeias";"BA"
"4127809";"TOMAZINA";"Tomazina";"PR"
"4127858";"TRES BARRAS DO PARANA";"Três Barras do Paraná";"PR"
"4127882";"TUNAS DO PARANA";"Tunas do Paraná";"PR"
"4127908";"TUNEIRAS DO OESTE";"Tuneiras do Oeste";"PR"
"4127957";"TUPASSI";"Tupãssi";"PR"
"4127965";"TURVO";"Turvo";"PR"
"4128005";"UBIRATA";"Ubiratã";"PR"
"4128104";"UMUARAMA";"Umuarama";"PR"
"4128203";"UNIAO DA VITORIA";"União da Vitória";"PR"
"4128302";"UNIFLOR";"Uniflor";"PR"
"4128401";"URAI";"Uraí";"PR"
"4128500";"WENCESLAU BRAZ";"Wenceslau Braz";"PR"
"4128534";"VENTANIA";"Ventania";"PR"
"4128559";"VERA CRUZ DO OESTE";"Vera Cruz do Oeste";"PR"
"4128609";"VERE";"Verê";"PR"
"4128625";"ALTO PARAISO";"Alto Paraiso";"PR"
"4128633";"DOUTOR ULYSSES";"Doutor Ulysses";"PR"
"4128658";"VIRMOND";"Virmond";"PR"
"4128708";"VITORINO";"Vitorino";"PR"
"4128807";"XAMBRE";"Xambrê";"PR"
"4218301";"TRES BARRAS";"Três Barras";"SC"
"4218350";"TREVISO";"Treviso";"SC"
"4218400";"TREZE DE MAIO";"Treze de Maio";"SC"
"4218509";"TREZE TILIAS";"Treze Tílias";"SC"
"4218608";"TROMBUDO CENTRAL";"Trombudo Central";"SC"
"4218707";"TUBARAO";"Tubarão";"SC"
"4218756";"TUNAPOLIS";"Tunápolis";"SC"
"4218806";"TURVO";"Turvo";"SC"
"4218855";"UNIAO DO OESTE";"União do Oeste";"SC"
"4218905";"URUBICI";"Urubici";"SC"
"4218954";"URUPEMA";"Urupema";"SC"
"4219002";"URUSSANGA";"Urussanga";"SC"
"4219101";"VARGEAO";"Vargeão";"SC"
"4219150";"VARGEM";"Vargem";"SC"
"4219176";"VARGEM BONITA";"Vargem Bonita";"SC"
"4219200";"VIDAL RAMOS";"Vidal Ramos";"SC"
"4219309";"VIDEIRA";"Videira";"SC"
"4219358";"VITOR MEIRELES";"Vitor Meireles";"SC"
"4219408";"WITMARSUM";"Witmarsum";"SC"
"4219507";"XANXERE";"Xanxerê";"SC"
"4219606";"XAVANTINA";"Xavantina";"SC"
"4219705";"XAXIM";"Xaxim";"SC"
"4219853";"ZORTEA";"Zortéa";"SC"
"4220000";"BALNEARIO RINCAO";"Balneário Rincão";"SC"
"4300034";"ACEGUA";"Aceguá";"RS"
"4300059";"AGUA SANTA";"Água Santa";"RS"
"4300109";"AGUDO";"Agudo";"RS"
"4300208";"AJURICABA";"Ajuricaba";"RS"
"4300307";"ALECRIM";"Alecrim";"RS"
"4300406";"ALEGRETE";"Alegrete";"RS"
"4300455";"ALEGRIA";"Alegria";"RS"
"4300471";"ALMIRANTE TAMANDARE DO SUL";"Almirante Tamandaré do Sul";"RS"
"4300505";"ALPESTRE";"Alpestre";"RS"
"4300554";"ALTO ALEGRE";"Alto Alegre";"RS"
"4300570";"ALTO FELIZ";"Alto Feliz";"RS"
"1718899";"SANTA RITA DO TOCANTINS";"Santa Rita do Tocantins";"TO"
"1718907";"SANTA ROSA DO TOCANTINS";"Santa Rosa do Tocantins";"TO"
"1100015";"ALTA FLORESTA D'OESTE";"Alta Floresta D'Oeste";"RO"
"1100023";"ARIQUEMES";"Ariquemes";"RO"
"1100031";"CABIXI";"Cabixi";"RO"
"1100049";"CACOAL";"Cacoal";"RO"
"1100056";"CEREJEIRAS";"Cerejeiras";"RO"
"1100064";"COLORADO DO OESTE";"Colorado do Oeste";"RO"
"1100072";"CORUMBIARA";"Corumbiara";"RO"
"1100080";"COSTA MARQUES";"Costa Marques";"RO"
"1100098";"ESPIGAO D'OESTE";"Espigão D'Oeste";"RO"
"1100106";"GUAJARA-MIRIM";"Guajará-Mirim";"RO"
"1100114";"JARU";"Jaru";"RO"
"1100122";"JI-PARANA";"Ji-Paraná";"RO"
"1100130";"MACHADINHO D'OESTE";"Machadinho D'Oeste";"RO"
"1100148";"NOVA BRASILANDIA D'OESTE";"Nova Brasilândia D'Oeste";"RO"
"1100155";"OURO PRETO DO OESTE";"Ouro Preto do Oeste";"RO"
"1100189";"PIMENTA BUENO";"Pimenta Bueno";"RO"
"1100205";"PORTO VELHO";"Porto Velho";"RO"
"1100254";"PRESIDENTE MEDICI";"Presidente Médici";"RO"
"1100262";"RIO CRESPO";"Rio Crespo";"RO"
"1100288";"ROLIM DE MOURA";"Rolim de Moura";"RO"
"1100296";"SANTA LUZIA D'OESTE";"Santa Luzia D'Oeste";"RO"
"1100304";"VILHENA";"Vilhena";"RO"
"1100320";"SAO MIGUEL DO GUAPORE";"São Miguel do Guaporé";"RO"
"1100338";"NOVA MAMORE";"Nova Mamoré";"RO"
"1100346";"ALVORADA D'OESTE";"Alvorada D'Oeste";"RO"
"1100379";"ALTO ALEGRE DOS PARECIS";"Alto Alegre dos Parecis";"RO"
"1100403";"ALTO PARAISO";"Alto Paraíso";"RO"
"1100452";"BURITIS";"Buritis";"RO"
"1100502";"NOVO HORIZONTE DO OESTE";"Novo Horizonte do Oeste";"RO"
"1100601";"CACAULANDIA";"Cacaulândia";"RO"
"1100700";"CAMPO NOVO DE RONDONIA";"Campo Novo de Rondônia";"RO"
"1100809";"CANDEIAS DO JAMARI";"Candeias do Jamari";"RO"
"1100908";"CASTANHEIRAS";"Castanheiras";"RO"
"1100924";"CHUPINGUAIA";"Chupinguaia";"RO"
"1100940";"CUJUBIM";"Cujubim";"RO"
"1101005";"GOVERNADOR JORGE TEIXEIRA";"Governador Jorge Teixeira";"RO"
"1101104";"ITAPUA DO OESTE";"Itapuã do Oeste";"RO"
"1101203";"MINISTRO ANDREAZZA";"Ministro Andreazza";"RO"
"1101302";"MIRANTE DA SERRA";"Mirante da Serra";"RO"
"1101401";"MONTE NEGRO";"Monte Negro";"RO"
"1101435";"NOVA UNIAO";"Nova União";"RO"
"1101450";"PARECIS";"Parecis";"RO"
"1101468";"PIMENTEIRAS DO OESTE";"Pimenteiras do Oeste";"RO"
"1101476";"PRIMAVERA DE RONDONIA";"Primavera de Rondônia";"RO"
"1101484";"SAO FELIPE D'OESTE";"São Felipe D'Oeste";"RO"
"1101492";"SAO FRANCISCO DO GUAPORE";"São Francisco do Guaporé";"RO"
"1101500";"SERINGUEIRAS";"Seringueiras";"RO"
"1101559";"TEIXEIROPOLIS";"Teixeirópolis";"RO"
"1101609";"THEOBROMA";"Theobroma";"RO"
"1101708";"URUPA";"Urupá";"RO"
"1101757";"VALE DO ANARI";"Vale do Anari";"RO"
"1101807";"VALE DO PARAISO";"Vale do Paraíso";"RO"
"1200013";"ACRELANDIA";"Acrelândia";"AC"
"1200054";"ASSIS BRASIL";"Assis Brasil";"AC"
"1200104";"BRASILEIA";"Brasiléia";"AC"
"1200138";"BUJARI";"Bujari";"AC"
"1200179";"CAPIXABA";"Capixaba";"AC"
"1200203";"CRUZEIRO DO SUL";"Cruzeiro do Sul";"AC"
"1200252";"EPITACIOLANDIA";"Epitaciolândia";"AC"
"1200302";"FEIJO";"Feijó";"AC"
"1200328";"JORDAO";"Jordão";"AC"
"1200336";"MANCIO LIMA";"Mâncio Lima";"AC"
"1200344";"MANOEL URBANO";"Manoel Urbano";"AC"
"1200351";"MARECHAL THAUMATURGO";"Marechal Thaumaturgo";"AC"
"1200385";"PLACIDO DE CASTRO";"Plácido de Castro";"AC"
"1200393";"PORTO WALTER";"Porto Walter";"AC"
"1200401";"RIO BRANCO";"Rio Branco";"AC"
"1200427";"RODRIGUES ALVES";"Rodrigues Alves";"AC"
"1200435";"SANTA ROSA DO PURUS";"Santa Rosa do Purus";"AC"
"1200450";"SENADOR GUIOMARD";"Senador Guiomard";"AC"
"1200500";"SENA MADUREIRA";"Sena Madureira";"AC"
"1200609";"TARAUACA";"Tarauacá";"AC"
"1200708";"XAPURI";"Xapuri";"AC"
"1200807";"PORTO ACRE";"Porto Acre";"AC"
"1300029";"ALVARAES";"Alvarães";"AM"
"1300060";"AMATURA";"Amaturá";"AM"
"1300086";"ANAMA";"Anamã";"AM"
"1300102";"ANORI";"Anori";"AM"
"1300144";"APUI";"Apuí";"AM"
"1300201";"ATALAIA DO NORTE";"Atalaia do Norte";"AM"
"1300300";"AUTAZES";"Autazes";"AM"
"1300409";"BARCELOS";"Barcelos";"AM"
"1300508";"BARREIRINHA";"Barreirinha";"AM"
"1300607";"BENJAMIN CONSTANT";"Benjamin Constant";"AM"
"1300631";"BERURI";"Beruri";"AM"
"1300680";"BOA VISTA DO RAMOS";"Boa Vista do Ramos";"AM"
"1300706";"BOCA DO ACRE";"Boca do Acre";"AM"
"1300805";"BORBA";"Borba";"AM"
"1300839";"CAAPIRANGA";"Caapiranga";"AM"
"1300904";"CANUTAMA";"Canutama";"AM"
"1301001";"CARAUARI";"Carauari";"AM"
"1301100";"CAREIRO";"Careiro";"AM"
"1301159";"CAREIRO DA VARZEA";"Careiro da Várzea";"AM"
"1301209";"COARI";"Coari";"AM"
"1301308";"CODAJAS";"Codajás";"AM"
"1301407";"EIRUNEPE";"Eirunepé";"AM"
"1301506";"ENVIRA";"Envira";"AM"
"1301605";"FONTE BOA";"Fonte Boa";"AM"
"1301654";"GUAJARA";"Guajará";"AM"
"1301704";"HUMAITA";"Humaitá";"AM"
"1301803";"IPIXUNA";"Ipixuna";"AM"
"1301852";"IRANDUBA";"Iranduba";"AM"
"1301902";"ITACOATIARA";"Itacoatiara";"AM"
"1301951";"ITAMARATI";"Itamarati";"AM"
"1302009";"ITAPIRANGA";"Itapiranga";"AM"
"1302108";"JAPURA";"Japurá";"AM"
"1302207";"JURUA";"Juruá";"AM"
"1302306";"JUTAI";"Jutaí";"AM"
"1302405";"LABREA";"Lábrea";"AM"
"1302504";"MANACAPURU";"Manacapuru";"AM"
"1302553";"MANAQUIRI";"Manaquiri";"AM"
"1302603";"MANAUS";"Manaus";"AM"
"1302702";"MANICORE";"Manicoré";"AM"
"1302801";"MARAA";"Maraã";"AM"
"1302900";"MAUES";"Maués";"AM"
"1303007";"NHAMUNDA";"Nhamundá";"AM"
"1303106";"NOVA OLINDA DO NORTE";"Nova Olinda do Norte";"AM"
"1303205";"NOVO AIRAO";"Novo Airão";"AM"
"1303304";"NOVO ARIPUANA";"Novo Aripuanã";"AM"
"1303403";"PARINTINS";"Parintins";"AM"
"1303502";"PAUINI";"Pauini";"AM"
"1303536";"PRESIDENTE FIGUEIREDO";"Presidente Figueiredo";"AM"
"1303569";"RIO PRETO DA EVA";"Rio Preto da Eva";"AM"
"1303601";"SANTA ISABEL DO RIO NEGRO";"Santa Isabel do Rio Negro";"AM"
"1303700";"SANTO ANTONIO DO ICA";"Santo Antônio do Içá";"AM"
"1303809";"SAO GABRIEL DA CACHOEIRA";"São Gabriel da Cachoeira";"AM"
"1303908";"SAO PAULO DE OLIVENCA";"São Paulo de Olivença";"AM"
"1303957";"SAO SEBASTIAO DO UATUMA";"São Sebastião do Uatumã";"AM"
"1304005";"SILVES";"Silves";"AM"
"1304062";"TABATINGA";"Tabatinga";"AM"
"1304104";"TAPAUA";"Tapauá";"AM"
"1304203";"TEFE";"Tefé";"AM"
"1304237";"TONANTINS";"Tonantins";"AM"
"1304260";"UARINI";"Uarini";"AM"
"1304302";"URUCARA";"Urucará";"AM"
"1304401";"URUCURITUBA";"Urucurituba";"AM"
"1400027";"AMAJARI";"Amajari";"RR"
"1400050";"ALTO ALEGRE";"Alto Alegre";"RR"
"1400100";"BOA VISTA";"Boa Vista";"RR"
"1400159";"BONFIM";"Bonfim";"RR"
"1400175";"CANTA";"Cantá";"RR"
"1400209";"CARACARAI";"Caracaraí";"RR"
"1400233";"CAROEBE";"Caroebe";"RR"
"1400282";"IRACEMA";"Iracema";"RR"
"1400308";"MUCAJAI";"Mucajaí";"RR"
"1400407";"NORMANDIA";"Normandia";"RR"
"1400456";"PACARAIMA";"Pacaraima";"RR"
"1400472";"RORAINOPOLIS";"Rorainópolis";"RR"
"1400506";"SAO JOAO DA BALIZA";"São João da Baliza";"RR"
"1400605";"SAO LUIZ";"São Luiz";"RR"
"1400704";"UIRAMUTA";"Uiramutã";"RR"
"1500107";"ABAETETUBA";"Abaetetuba";"PA"
"1500131";"ABEL FIGUEIREDO";"Abel Figueiredo";"PA"
"1500206";"ACARA";"Acará";"PA"
"1500305";"AFUA";"Afuá";"PA"
"1500347";"AGUA AZUL DO NORTE";"Água Azul do Norte";"PA"
"1500404";"ALENQUER";"Alenquer";"PA"
"1500503";"ALMEIRIM";"Almeirim";"PA"
"1500602";"ALTAMIRA";"Altamira";"PA"
"1500701";"ANAJAS";"Anajás";"PA"
"1500800";"ANANINDEUA";"Ananindeua";"PA"
"1500859";"ANAPU";"Anapu";"PA"
"1500909";"AUGUSTO CORREA";"Augusto Corrêa";"PA"
"1500958";"AURORA DO PARA";"Aurora do Pará";"PA"
"1501006";"AVEIRO";"Aveiro";"PA"
"1501105";"BAGRE";"Bagre";"PA"
"1501204";"BAIAO";"Baião";"PA"
"1501253";"BANNACH";"Bannach";"PA"
"1501303";"BARCARENA";"Barcarena";"PA"
"1501402";"BELEM";"Belém";"PA"
"1501451";"BELTERRA";"Belterra";"PA"
"1501501";"BENEVIDES";"Benevides";"PA"
"1501576";"BOM JESUS DO TOCANTINS";"Bom Jesus do Tocantins";"PA"
"1501600";"BONITO";"Bonito";"PA"
"1501709";"BRAGANCA";"Bragança";"PA"
"1501725";"BRASIL NOVO";"Brasil Novo";"PA"
"3202900";"ITARANA";"Itarana";"ES"
"3203007";"IUNA";"Iúna";"ES"
"3203056";"JAGUARE";"Jaguaré";"ES"
"3203106";"JERONIMO MONTEIRO";"Jerônimo Monteiro";"ES"
"3203130";"JOAO NEIVA";"João Neiva";"ES"
"3203163";"LARANJA DA TERRA";"Laranja da Terra";"ES"
"3203205";"LINHARES";"Linhares";"ES"
"3203304";"MANTENOPOLIS";"Mantenópolis";"ES"
"3203320";"MARATAIZES";"Marataízes";"ES"
"3203346";"MARECHAL FLORIANO";"Marechal Floriano";"ES"
"3203353";"MARILANDIA";"Marilândia";"ES"
"3203403";"MIMOSO DO SUL";"Mimoso do Sul";"ES"
"3203502";"MONTANHA";"Montanha";"ES"
"3203601";"MUCURICI";"Mucurici";"ES"
"3203700";"MUNIZ FREIRE";"Muniz Freire";"ES"
"3203809";"MUQUI";"Muqui";"ES"
"3203908";"NOVA VENECIA";"Nova Venécia";"ES"
"3204005";"PANCAS";"Pancas";"ES"
"3204054";"PEDRO CANARIO";"Pedro Canário";"ES"
"3204104";"PINHEIROS";"Pinheiros";"ES"
"3204203";"PIUMA";"Piúma";"ES"
"3204252";"PONTO BELO";"Ponto Belo";"ES"
"3204302";"PRESIDENTE KENNEDY";"Presidente Kennedy";"ES"
"3204351";"RIO BANANAL";"Rio Bananal";"ES"
"3204401";"RIO NOVO DO SUL";"Rio Novo do Sul";"ES"
"3204500";"SANTA LEOPOLDINA";"Santa Leopoldina";"ES"
"3204559";"SANTA MARIA DE JETIBA";"Santa Maria de Jetibá";"ES"
"3204609";"SANTA TERESA";"Santa Teresa";"ES"
"3204658";"SAO DOMINGOS DO NORTE";"São Domingos do Norte";"ES"
"3204708";"SAO GABRIEL DA PALHA";"São Gabriel da Palha";"ES"
"3204807";"SAO JOSE DO CALCADO";"São José do Calçado";"ES"
"3204906";"SAO MATEUS";"São Mateus";"ES"
"3204955";"SAO ROQUE DO CANAA";"São Roque do Canaã";"ES"
"3205002";"SERRA";"Serra";"ES"
"3205010";"SOORETAMA";"Sooretama";"ES"
"3205036";"VARGEM ALTA";"Vargem Alta";"ES"
"3205069";"VENDA NOVA DO IMIGRANTE";"Venda Nova do Imigrante";"ES"
"3205101";"VIANA";"Viana";"ES"
"3205150";"VILA PAVAO";"Vila Pavão";"ES"
"3205176";"VILA VALERIO";"Vila Valério";"ES"
"3205200";"VILA VELHA";"Vila Velha";"ES"
"3205309";"VITORIA";"Vitória";"ES"
"3300100";"ANGRA DOS REIS";"Angra dos Reis";"RJ"
"3300159";"APERIBE";"Aperibé";"RJ"
"3300209";"ARARUAMA";"Araruama";"RJ"
"3300225";"AREAL";"Areal";"RJ"
"3300233";"ARMACAO DOS BUZIOS";"Armação dos Búzios";"RJ"
"3300258";"ARRAIAL DO CABO";"Arraial do Cabo";"RJ"
"3300308";"BARRA DO PIRAI";"Barra do Piraí";"RJ"
"3300407";"BARRA MANSA";"Barra Mansa";"RJ"
"3300456";"BELFORD ROXO";"Belford Roxo";"RJ"
"3300506";"BOM JARDIM";"Bom Jardim";"RJ"
"3300605";"BOM JESUS DO ITABAPOANA";"Bom Jesus do Itabapoana";"RJ"
"3300704";"CABO FRIO";"Cabo Frio";"RJ"
"3300803";"CACHOEIRAS DE MACACU";"Cachoeiras de Macacu";"RJ"
"3300902";"CAMBUCI";"Cambuci";"RJ"
"3300936";"CARAPEBUS";"Carapebus";"RJ"
"3300951";"COMENDADOR LEVY GASPARIAN";"Comendador Levy Gasparian";"RJ"
"3301009";"CAMPOS DOS GOYTACAZES";"Campos dos Goytacazes";"RJ"
"3301108";"CANTAGALO";"Cantagalo";"RJ"
"3301157";"CARDOSO MOREIRA";"Cardoso Moreira";"RJ"
"3301207";"CARMO";"Carmo";"RJ"
"3301306";"CASIMIRO DE ABREU";"Casimiro de Abreu";"RJ"
"3301405";"CONCEICAO DE MACABU";"Conceição de Macabu";"RJ"
"3301504";"CORDEIRO";"Cordeiro";"RJ"
"3301603";"DUAS BARRAS";"Duas Barras";"RJ"
"3301702";"DUQUE DE CAXIAS";"Duque de Caxias";"RJ"
"3301801";"ENGENHEIRO PAULO DE FRONTIN";"Engenheiro Paulo de Frontin";"RJ"
"3301850";"GUAPIMIRIM";"Guapimirim";"RJ"
"3301876";"IGUABA GRANDE";"Iguaba Grande";"RJ"
"3301900";"ITABORAI";"Itaboraí";"RJ"
"3302007";"ITAGUAI";"Itaguaí";"RJ"
"3302056";"ITALVA";"Italva";"RJ"
"3302106";"ITAOCARA";"Itaocara";"RJ"
"3302205";"ITAPERUNA";"Itaperuna";"RJ"
"3302254";"ITATIAIA";"Itatiaia";"RJ"
"3302270";"JAPERI";"Japeri";"RJ"
"3302304";"LAJE DO MURIAE";"Laje do Muriaé";"RJ"
"3302403";"MACAE";"Macaé";"RJ"
"3302452";"MACUCO";"Macuco";"RJ"
"3302502";"MAGE";"Magé";"RJ"
"3302601";"MANGARATIBA";"Mangaratiba";"RJ"
"3302700";"MARICA";"Maricá";"RJ"
"3302809";"MENDES";"Mendes";"RJ"
"3302858";"MESQUITA";"Mesquita";"RJ"
"3302908";"MIGUEL PEREIRA";"Miguel Pereira";"RJ"
"3303005";"MIRACEMA";"Miracema";"RJ"
"3303104";"NATIVIDADE";"Natividade";"RJ"
"3303203";"NILOPOLIS";"Nilópolis";"RJ"
"3303302";"NITEROI";"Niterói";"RJ"
"3303401";"NOVA FRIBURGO";"Nova Friburgo";"RJ"
"3303500";"NOVA IGUACU";"Nova Iguaçu";"RJ"
"3303609";"PARACAMBI";"Paracambi";"RJ"
"3303708";"PARAIBA DO SUL";"Paraíba do Sul";"RJ"
"3303807";"PARATI";"Parati";"RJ"
"3303856";"PATY DO ALFERES";"Paty do Alferes";"RJ"
"3303906";"PETROPOLIS";"Petrópolis";"RJ"
"3303955";"PINHEIRAL";"Pinheiral";"RJ"
"3304003";"PIRAI";"Piraí";"RJ"
"3304102";"PORCIUNCULA";"Porciúncula";"RJ"
"3304110";"PORTO REAL";"Porto Real";"RJ"
"3304128";"QUATIS";"Quatis";"RJ"
"4200051";"ABDON BATISTA";"Abdon Batista";"SC"
"4200101";"ABELARDO LUZ";"Abelardo Luz";"SC"
"4200200";"AGROLANDIA";"Agrolândia";"SC"
"4200309";"AGRONOMICA";"Agronômica";"SC"
"4200408";"AGUA DOCE";"Água Doce";"SC"
"4200507";"AGUAS DE CHAPECO";"Águas de Chapecó";"SC"
"4200556";"AGUAS FRIAS";"Águas Frias";"SC"
"4200606";"AGUAS MORNAS";"Águas Mornas";"SC"
"4200705";"ALFREDO WAGNER";"Alfredo Wagner";"SC"
"4200754";"ALTO BELA VISTA";"Alto Bela Vista";"SC"
"4200804";"ANCHIETA";"Anchieta";"SC"
"4200903";"ANGELINA";"Angelina";"SC"
"4201000";"ANITA GARIBALDI";"Anita Garibaldi";"SC"
"4201109";"ANITAPOLIS";"Anitápolis";"SC"
"4201208";"ANTONIO CARLOS";"Antônio Carlos";"SC"
"4201257";"APIUNA";"Apiúna";"SC"
"4201273";"ARABUTA";"Arabutã";"SC"
"4201307";"ARAQUARI";"Araquari";"SC"
"4201406";"ARARANGUA";"Araranguá";"SC"
"4201505";"ARMAZEM";"Armazém";"SC"
"4201604";"ARROIO TRINTA";"Arroio Trinta";"SC"
"4201653";"ARVOREDO";"Arvoredo";"SC"
"4201703";"ASCURRA";"Ascurra";"SC"
"4201802";"ATALANTA";"Atalanta";"SC"
"4201901";"AURORA";"Aurora";"SC"
"4201950";"BALNEARIO ARROIO DO SILVA";"Balneário Arroio do Silva";"SC"
"4202008";"BALNEARIO CAMBORIU";"Balneário Camboriú";"SC"
"4202057";"BALNEARIO BARRA DO SUL";"Balneário Barra do Sul";"SC"
"4202073";"BALNEARIO GAIVOTA";"Balneário Gaivota";"SC"
"4202081";"BANDEIRANTE";"Bandeirante";"SC"
"4202099";"BARRA BONITA";"Barra Bonita";"SC"
"4202107";"BARRA VELHA";"Barra Velha";"SC"
"4202131";"BELA VISTA DO TOLDO";"Bela Vista do Toldo";"SC"
"4202156";"BELMONTE";"Belmonte";"SC"
"4202206";"BENEDITO NOVO";"Benedito Novo";"SC"
"4202305";"BIGUACU";"Biguaçu";"SC"
"4202404";"BLUMENAU";"Blumenau";"SC"
"4202438";"BOCAINA DO SUL";"Bocaina do Sul";"SC"
"4202453";"BOMBINHAS";"Bombinhas";"SC"
"4202503";"BOM JARDIM DA SERRA";"Bom Jardim da Serra";"SC"
"4202537";"BOM JESUS";"Bom Jesus";"SC"
"4202578";"BOM JESUS DO OESTE";"Bom Jesus do Oeste";"SC"
"4202602";"BOM RETIRO";"Bom Retiro";"SC"
"4202701";"BOTUVERA";"Botuverá";"SC"
"4202800";"BRACO DO NORTE";"Braço do Norte";"SC"
"4202859";"BRACO DO TROMBUDO";"Braço do Trombudo";"SC"
"4202875";"BRUNOPOLIS";"Brunópolis";"SC"
"4202909";"BRUSQUE";"Brusque";"SC"
"4203006";"CACADOR";"Caçador";"SC"
"4203105";"CAIBI";"Caibi";"SC"
"4203154";"CALMON";"Calmon";"SC"
"4203204";"CAMBORIU";"Camboriú";"SC"
"4203253";"CAPAO ALTO";"Capão Alto";"SC"
"4203303";"CAMPO ALEGRE";"Campo Alegre";"SC"
"4203402";"CAMPO BELO DO SUL";"Campo Belo do Sul";"SC"
"4203501";"CAMPO ERE";"Campo Erê";"SC"
"4203600";"CAMPOS NOVOS";"Campos Novos";"SC"
"4203709";"CANELINHA";"Canelinha";"SC"
"4203808";"CANOINHAS";"Canoinhas";"SC"
"4203907";"CAPINZAL";"Capinzal";"SC"
"4203956";"CAPIVARI DE BAIXO";"Capivari de Baixo";"SC"
"4204004";"CATANDUVAS";"Catanduvas";"SC"
"4204103";"CAXAMBU DO SUL";"Caxambu do Sul";"SC"
"4204152";"CELSO RAMOS";"Celso Ramos";"SC"
"4204178";"CERRO NEGRO";"Cerro Negro";"SC"
"4204194";"CHAPADAO DO LAGEADO";"Chapadão do Lageado";"SC"
"4204202";"CHAPECO";"Chapecó";"SC"
"4204251";"COCAL DO SUL";"Cocal do Sul";"SC"
"4204301";"CONCORDIA";"Concórdia";"SC"
"4204350";"CORDILHEIRA ALTA";"Cordilheira Alta";"SC"
"4204400";"CORONEL FREITAS";"Coronel Freitas";"SC"
"4204459";"CORONEL MARTINS";"Coronel Martins";"SC"
"4204509";"CORUPA";"Corupá";"SC"
"4204558";"CORREIA PINTO";"Correia Pinto";"SC"
"4204608";"CRICIUMA";"Criciúma";"SC"
"4204707";"CUNHA PORA";"Cunha Porã";"SC"
"4306502";"DOM FELICIANO";"Dom Feliciano";"RS"
"4306551";"DOM PEDRO DE ALCANTARA";"Dom Pedro de Alcântara";"RS"
"4306601";"DOM PEDRITO";"Dom Pedrito";"RS"
"4306700";"DONA FRANCISCA";"Dona Francisca";"RS"
"4306734";"DOUTOR MAURICIO CARDOSO";"Doutor Maurício Cardoso";"RS"
"4306759";"DOUTOR RICARDO";"Doutor Ricardo";"RS"
"4306767";"ELDORADO DO SUL";"Eldorado do Sul";"RS"
"4306809";"ENCANTADO";"Encantado";"RS"
"4306908";"ENCRUZILHADA DO SUL";"Encruzilhada do Sul";"RS"
"4306924";"ENGENHO VELHO";"Engenho Velho";"RS"
"4306932";"ENTRE-IJUIS";"Entre-Ijuís";"RS"
"4306957";"ENTRE RIOS DO SUL";"Entre Rios do Sul";"RS"
"4306973";"EREBANGO";"Erebango";"RS"
"4307005";"ERECHIM";"Erechim";"RS"
"4307054";"ERNESTINA";"Ernestina";"RS"
"4307104";"HERVAL";"Herval";"RS"
"4307203";"ERVAL GRANDE";"Erval Grande";"RS"
"4307302";"ERVAL SECO";"Erval Seco";"RS"
"4307401";"ESMERALDA";"Esmeralda";"RS"
"4307450";"ESPERANCA DO SUL";"Esperança do Sul";"RS"
"4307500";"ESPUMOSO";"Espumoso";"RS"
"4307559";"ESTACAO";"Estação";"RS"
"4307609";"ESTANCIA VELHA";"Estância Velha";"RS"
"4307708";"ESTEIO";"Esteio";"RS"
"4307807";"ESTRELA";"Estrela";"RS"
"4307815";"ESTRELA VELHA";"Estrela Velha";"RS"
"4307831";"EUGENIO DE CASTRO";"Eugênio de Castro";"RS"
"4307864";"FAGUNDES VARELA";"Fagundes Varela";"RS"
"4307906";"FARROUPILHA";"Farroupilha";"RS"
"4308003";"FAXINAL DO SOTURNO";"Faxinal do Soturno";"RS"
"4308052";"FAXINALZINHO";"Faxinalzinho";"RS"
"4308078";"FAZENDA VILANOVA";"Fazenda Vilanova";"RS"
"4308102";"FELIZ";"Feliz";"RS"
"4308201";"FLORES DA CUNHA";"Flores da Cunha";"RS"
"4308250";"FLORIANO PEIXOTO";"Floriano Peixoto";"RS"
"4308300";"FONTOURA XAVIER";"Fontoura Xavier";"RS"
"4308409";"FORMIGUEIRO";"Formigueiro";"RS"
"4308433";"FORQUETINHA";"Forquetinha";"RS"
"4308458";"FORTALEZA DOS VALOS";"Fortaleza dos Valos";"RS"
"4308508";"FREDERICO WESTPHALEN";"Frederico Westphalen";"RS"
"4308607";"GARIBALDI";"Garibaldi";"RS"
"4308656";"GARRUCHOS";"Garruchos";"RS"
"4308706";"GAURAMA";"Gaurama";"RS"
"4308805";"GENERAL CAMARA";"General Câmara";"RS"
"4308854";"GENTIL";"Gentil";"RS"
"4308904";"GETULIO VARGAS";"Getúlio Vargas";"RS"
"4309001";"GIRUA";"Giruá";"RS"
"4309050";"GLORINHA";"Glorinha";"RS"
"4309100";"GRAMADO";"Gramado";"RS"
"3145505";"OLIMPIO NORONHA";"Olímpio Noronha";"MG"
"3145604";"OLIVEIRA";"Oliveira";"MG"
"3145703";"OLIVEIRA FORTES";"Oliveira Fortes";"MG"
"3145802";"ONCA DE PITANGUI";"Onça de Pitangui";"MG"
"3145851";"ORATORIOS";"Oratórios";"MG"
"3145877";"ORIZANIA";"Orizânia";"MG"
"3145901";"OURO BRANCO";"Ouro Branco";"MG"
"3146008";"OURO FINO";"Ouro Fino";"MG"
"3146107";"OURO PRETO";"Ouro Preto";"MG"
"3146206";"OURO VERDE DE MINAS";"Ouro Verde de Minas";"MG"
"3146255";"PADRE CARVALHO";"Padre Carvalho";"MG"
"3146305";"PADRE PARAISO";"Padre Paraíso";"MG"
"3146404";"PAINEIRAS";"Paineiras";"MG"
"3146503";"PAINS";"Pains";"MG"
"3146552";"PAI PEDRO";"Pai Pedro";"MG"
"3146602";"PAIVA";"Paiva";"MG"
"3146701";"PALMA";"Palma";"MG"
"3146750";"PALMOPOLIS";"Palmópolis";"MG"
"3146909";"PAPAGAIOS";"Papagaios";"MG"
"3147006";"PARACATU";"Paracatu";"MG"
"3147105";"PARA DE MINAS";"Pará de Minas";"MG"
"3147204";"PARAGUACU";"Paraguaçu";"MG"
"3147303";"PARAISOPOLIS";"Paraisópolis";"MG"
"3147402";"PARAOPEBA";"Paraopeba";"MG"
"3147501";"PASSABEM";"Passabém";"MG"
"3147600";"PASSA QUATRO";"Passa Quatro";"MG"
"3147709";"PASSA TEMPO";"Passa Tempo";"MG"
"3147808";"PASSA-VINTE";"Passa-Vinte";"MG"
"3147907";"PASSOS";"Passos";"MG"
"3147956";"PATIS";"Patis";"MG"
"3148004";"PATOS DE MINAS";"Patos de Minas";"MG"
"3148103";"PATROCINIO";"Patrocínio";"MG"
"3148202";"PATROCINIO DO MURIAE";"Patrocínio do Muriaé";"MG"
"3148301";"PAULA CANDIDO";"Paula Cândido";"MG"
"3148400";"PAULISTAS";"Paulistas";"MG"
"3148509";"PAVAO";"Pavão";"MG"
"3148608";"PECANHA";"Peçanha";"MG"
"3148707";"PEDRA AZUL";"Pedra Azul";"MG"
"3148756";"PEDRA BONITA";"Pedra Bonita";"MG"
"3148806";"PEDRA DO ANTA";"Pedra do Anta";"MG"
"3148905";"PEDRA DO INDAIA";"Pedra do Indaiá";"MG"
"3149002";"PEDRA DOURADA";"Pedra Dourada";"MG"
"3149101";"PEDRALVA";"Pedralva";"MG"
"3149150";"PEDRAS DE MARIA DA CRUZ";"Pedras de Maria da Cruz";"MG"
"3149200";"PEDRINOPOLIS";"Pedrinópolis";"MG"
"3149309";"PEDRO LEOPOLDO";"Pedro Leopoldo";"MG"
"3149408";"PEDRO TEIXEIRA";"Pedro Teixeira";"MG"
"3149507";"PEQUERI";"Pequeri";"MG"
"3149606";"PEQUI";"Pequi";"MG"
"3149705";"PERDIGAO";"Perdigão";"MG"
"3149804";"PERDIZES";"Perdizes";"MG"
"3149903";"PERDOES";"Perdões";"MG"
"3149952";"PERIQUITO";"Periquito";"MG"
"3150000";"PESCADOR";"Pescador";"MG"
"3150109";"PIAU";"Piau";"MG"
"3150158";"PIEDADE DE CARATINGA";"Piedade de Caratinga";"MG"
"3150208";"PIEDADE DE PONTE NOVA";"Piedade de Ponte Nova";"MG"
"3150307";"PIEDADE DO RIO GRANDE";"Piedade do Rio Grande";"MG"
"3150406";"PIEDADE DOS GERAIS";"Piedade dos Gerais";"MG"
"3150505";"PIMENTA";"Pimenta";"MG"
"3150539";"PINGO-D'AGUA";"Pingo-d'Água";"MG"
"3150570";"PINTOPOLIS";"Pintópolis";"MG"
"3150604";"PIRACEMA";"Piracema";"MG"
"3150703";"PIRAJUBA";"Pirajuba";"MG"
"3150802";"PIRANGA";"Piranga";"MG"
"3150901";"PIRANGUCU";"Piranguçu";"MG"
"3151008";"PIRANGUINHO";"Piranguinho";"MG"
"3151107";"PIRAPETINGA";"Pirapetinga";"MG"
"3151206";"PIRAPORA";"Pirapora";"MG"
"3151305";"PIRAUBA";"Piraúba";"MG"
"3151404";"PITANGUI";"Pitangui";"MG"
"3151503";"PIUMHI";"Piumhi";"MG"
"3151602";"PLANURA";"Planura";"MG"
"3151701";"POCO FUNDO";"Poço Fundo";"MG"
"3151800";"POCOS DE CALDAS";"Poços de Caldas";"MG"
"3151909";"POCRANE";"Pocrane";"MG"
"3152006";"POMPEU";"Pompéu";"MG"
"3152105";"PONTE NOVA";"Ponte Nova";"MG"
"3152131";"PONTO CHIQUE";"Ponto Chique";"MG"
"3152170";"PONTO DOS VOLANTES";"Ponto dos Volantes";"MG"
"3152204";"PORTEIRINHA";"Porteirinha";"MG"
"3152303";"PORTO FIRME";"Porto Firme";"MG"
"3152402";"POTE";"Poté";"MG"
"3152501";"POUSO ALEGRE";"Pouso Alegre";"MG"
"3152600";"POUSO ALTO";"Pouso Alto";"MG"
"3152709";"PRADOS";"Prados";"MG"
"3152808";"PRATA";"Prata";"MG"
"3152907";"PRATAPOLIS";"Pratápolis";"MG"
"3153004";"PRATINHA";"Pratinha";"MG"
"3153103";"PRESIDENTE BERNARDES";"Presidente Bernardes";"MG"
"3153202";"PRESIDENTE JUSCELINO";"Presidente Juscelino";"MG"
"3153301";"PRESIDENTE KUBITSCHEK";"Presidente Kubitschek";"MG"
"3153400";"PRESIDENTE OLEGARIO";"Presidente Olegário";"MG"
"3153509";"ALTO JEQUITIBA";"Alto Jequitibá";"MG"
"3153608";"PRUDENTE DE MORAIS";"Prudente de Morais";"MG"
"3153707";"QUARTEL GERAL";"Quartel Geral";"MG"
"3153806";"QUELUZITO";"Queluzito";"MG"
"3153905";"RAPOSOS";"Raposos";"MG"
"3154002";"RAUL SOARES";"Raul Soares";"MG"
"3154101";"RECREIO";"Recreio";"MG"
"3154150";"REDUTO";"Reduto";"MG"
"3154200";"RESENDE COSTA";"Resende Costa";"MG"
"3154309";"RESPLENDOR";"Resplendor";"MG"
"3154408";"RESSAQUINHA";"Ressaquinha";"MG"
"3154457";"RIACHINHO";"Riachinho";"MG"
"3154507";"RIACHO DOS MACHADOS";"Riacho dos Machados";"MG"
"3154606";"RIBEIRAO DAS NEVES";"Ribeirão das Neves";"MG"
"3154705";"RIBEIRAO VERMELHO";"Ribeirão Vermelho";"MG"
"3154804";"RIO ACIMA";"Rio Acima";"MG"
"3154903";"RIO CASCA";"Rio Casca";"MG"
"3155009";"RIO DOCE";"Rio Doce";"MG"
"3155108";"RIO DO PRADO";"Rio do Prado";"MG"
"3155207";"RIO ESPERA";"Rio Espera";"MG"
"3155306";"RIO MANSO";"Rio Manso";"MG"
"3155405";"RIO NOVO";"Rio Novo";"MG"
"3155504";"RIO PARANAIBA";"Rio Paranaíba";"MG"
"3155603";"RIO PARDO DE MINAS";"Rio Pardo de Minas";"MG"
"3155702";"RIO PIRACICABA";"Rio Piracicaba";"MG"
"3155801";"RIO POMBA";"Rio Pomba";"MG"
"3155900";"RIO PRETO";"Rio Preto";"MG"
"3156007";"RIO VERMELHO";"Rio Vermelho";"MG"
"3156106";"RITAPOLIS";"Ritápolis";"MG"
"3156205";"ROCHEDO DE MINAS";"Rochedo de Minas";"MG"
"3156304";"RODEIRO";"Rodeiro";"MG"
"3156403";"ROMARIA";"Romaria";"MG"
"3156452";"ROSARIO DA LIMEIRA";"Rosário da Limeira";"MG"
"3156502";"RUBELITA";"Rubelita";"MG"
"3156601";"RUBIM";"Rubim";"MG"
"3156700";"SABARA";"Sabará";"MG"
"4322533";"VALE DO SOL";"Vale do Sol";"RS"
"4322541";"VALE REAL";"Vale Real";"RS"
"4322558";"VANINI";"Vanini";"RS"
"4322608";"VENANCIO AIRES";"Venâncio Aires";"RS"
"4322707";"VERA CRUZ";"Vera Cruz";"RS"
"4322806";"VERANOPOLIS";"Veranópolis";"RS"
"4322855";"VESPASIANO CORREA";"Vespasiano Correa";"RS"
"4322905";"VIADUTOS";"Viadutos";"RS"
"4323002";"VIAMAO";"Viamão";"RS"
"4323101";"VICENTE DUTRA";"Vicente Dutra";"RS"
"4323200";"VICTOR GRAEFF";"Victor Graeff";"RS"
"4323309";"VILA FLORES";"Vila Flores";"RS"
"4323358";"VILA LANGARO";"Vila Lângaro";"RS"
"4323408";"VILA MARIA";"Vila Maria";"RS"
"4323457";"VILA NOVA DO SUL";"Vila Nova do Sul";"RS"
"4323507";"VISTA ALEGRE";"Vista Alegre";"RS"
"4323606";"VISTA ALEGRE DO PRATA";"Vista Alegre do Prata";"RS"
"4323705";"VISTA GAUCHA";"Vista Gaúcha";"RS"
"4323754";"VITORIA DAS MISSOES";"Vitória das Missões";"RS"
"4323770";"WESTFALIA";"Westfalia";"RS"
"4323804";"XANGRI-LA";"Xangri-lá";"RS"
"5100102";"ACORIZAL";"Acorizal";"MT"
"4205456";"FORQUILHINHA";"Forquilhinha";"SC"
"4205506";"FRAIBURGO";"Fraiburgo";"SC"
"4205555";"FREI ROGERIO";"Frei Rogério";"SC"
"4205605";"GALVAO";"Galvão";"SC"
"4205704";"GAROPABA";"Garopaba";"SC"
"4205803";"GARUVA";"Garuva";"SC"
"4205902";"GASPAR";"Gaspar";"SC"
"4206009";"GOVERNADOR CELSO RAMOS";"Governador Celso Ramos";"SC"
"4206108";"GRAO PARA";"Grão Pará";"SC"
"4206207";"GRAVATAL";"Gravatal";"SC"
"4206306";"GUABIRUBA";"Guabiruba";"SC"
"4206405";"GUARACIABA";"Guaraciaba";"SC"
"4206504";"GUARAMIRIM";"Guaramirim";"SC"
"4206603";"GUARUJA DO SUL";"Guarujá do Sul";"SC"
"4206652";"GUATAMBU";"Guatambú";"SC"
"4206702";"HERVAL D'OESTE";"Herval d'Oeste";"SC"
"4206751";"IBIAM";"Ibiam";"SC"
"4206801";"IBICARE";"Ibicaré";"SC"
"4206900";"IBIRAMA";"Ibirama";"SC"
"4207007";"ICARA";"Içara";"SC"
"4207106";"ILHOTA";"Ilhota";"SC"
"4207205";"IMARUI";"Imaruí";"SC"
"4207304";"IMBITUBA";"Imbituba";"SC"
"4207403";"IMBUIA";"Imbuia";"SC"
"4207502";"INDAIAL";"Indaial";"SC"
"4207577";"IOMERE";"Iomerê";"SC"
"4207601";"IPIRA";"Ipira";"SC"
"4207650";"IPORA DO OESTE";"Iporã do Oeste";"SC"
"4207684";"IPUACU";"Ipuaçu";"SC"
"4207700";"IPUMIRIM";"Ipumirim";"SC"
"4207759";"IRACEMINHA";"Iraceminha";"SC"
"4207809";"IRANI";"Irani";"SC"
"4207858";"IRATI";"Irati";"SC"
"4207908";"IRINEOPOLIS";"Irineópolis";"SC"
"4208005";"ITA";"Itá";"SC"
"4208104";"ITAIOPOLIS";"Itaiópolis";"SC"
"4208203";"ITAJAI";"Itajaí";"SC"
"4208302";"ITAPEMA";"Itapema";"SC"
"4208401";"ITAPIRANGA";"Itapiranga";"SC"
"4208450";"ITAPOA";"Itapoá";"SC"
"4208500";"ITUPORANGA";"Ituporanga";"SC"
"4208609";"JABORA";"Jaborá";"SC"
"4208708";"JACINTO MACHADO";"Jacinto Machado";"SC"
"4208807";"JAGUARUNA";"Jaguaruna";"SC"
"4208906";"JARAGUA DO SUL";"Jaraguá do Sul";"SC"
"4208955";"JARDINOPOLIS";"Jardinópolis";"SC"
"4209003";"JOACABA";"Joaçaba";"SC"
"4209102";"JOINVILLE";"Joinville";"SC"
"4209151";"JOSE BOITEUX";"José Boiteux";"SC"
"4209177";"JUPIA";"Jupiá";"SC"
"4209201";"LACERDOPOLIS";"Lacerdópolis";"SC"
"4209300";"LAGES";"Lages";"SC"
"4209409";"LAGUNA";"Laguna";"SC"
"4209458";"LAJEADO GRANDE";"Lajeado Grande";"SC"
"4209508";"LAURENTINO";"Laurentino";"SC"
"4209607";"LAURO MULLER";"Lauro Muller";"SC"
"4209706";"LEBON REGIS";"Lebon Régis";"SC"
"4209805";"LEOBERTO LEAL";"Leoberto Leal";"SC"
"4209854";"LINDOIA DO SUL";"Lindóia do Sul";"SC"
"4209904";"LONTRAS";"Lontras";"SC"
"4210001";"LUIZ ALVES";"Luiz Alves";"SC"
"4210035";"LUZERNA";"Luzerna";"SC"
"4210050";"MACIEIRA";"Macieira";"SC"
"4210100";"MAFRA";"Mafra";"SC"
"4210209";"MAJOR GERCINO";"Major Gercino";"SC"
"4210308";"MAJOR VIEIRA";"Major Vieira";"SC"
"4210407";"MARACAJA";"Maracajá";"SC"
"4210506";"MARAVILHA";"Maravilha";"SC"
"4210555";"MAREMA";"Marema";"SC"
"4210605";"MASSARANDUBA";"Massaranduba";"SC"
"4210704";"MATOS COSTA";"Matos Costa";"SC"
"4210803";"MELEIRO";"Meleiro";"SC"
"4210852";"MIRIM DOCE";"Mirim Doce";"SC"
"4210902";"MODELO";"Modelo";"SC"
"4211009";"MONDAI";"Mondaí";"SC"
"4211058";"MONTE CARLO";"Monte Carlo";"SC"
"4211108";"MONTE CASTELO";"Monte Castelo";"SC"
"4211207";"MORRO DA FUMACA";"Morro da Fumaça";"SC"
"4211256";"MORRO GRANDE";"Morro Grande";"SC"
"4211306";"NAVEGANTES";"Navegantes";"SC"
"4211405";"NOVA ERECHIM";"Nova Erechim";"SC"
"4211454";"NOVA ITABERABA";"Nova Itaberaba";"SC"
"4211504";"NOVA TRENTO";"Nova Trento";"SC"
"4211603";"NOVA VENEZA";"Nova Veneza";"SC"
"4211652";"NOVO HORIZONTE";"Novo Horizonte";"SC"
"4211702";"ORLEANS";"Orleans";"SC"
"4211751";"OTACILIO COSTA";"Otacílio Costa";"SC"
"4211801";"OURO";"Ouro";"SC"
"4211850";"OURO VERDE";"Ouro Verde";"SC"
"4211876";"PAIAL";"Paial";"SC"
"4211892";"PAINEL";"Painel";"SC"
"4211900";"PALHOCA";"Palhoça";"SC"
"4212007";"PALMA SOLA";"Palma Sola";"SC"
"4212056";"PALMEIRA";"Palmeira";"SC"
"4212106";"PALMITOS";"Palmitos";"SC"
"4212205";"PAPANDUVA";"Papanduva";"SC"
"4212239";"PARAISO";"Paraíso";"SC"
"4212254";"PASSO DE TORRES";"Passo de Torres";"SC"
"4212270";"PASSOS MAIA";"Passos Maia";"SC"
"4212304";"PAULO LOPES";"Paulo Lopes";"SC"
"4212403";"PEDRAS GRANDES";"Pedras Grandes";"SC"
"4212502";"PENHA";"Penha";"SC"
"4212601";"PERITIBA";"Peritiba";"SC"
"4212650";"PESCARIA BRAVA";"Pescaria Brava";"SC"
"4212700";"PETROLANDIA";"Petrolândia";"SC"
"4212809";"PICARRAS";"Piçarras";"SC"
"4212908";"PINHALZINHO";"Pinhalzinho";"SC"
"4213005";"PINHEIRO PRETO";"Pinheiro Preto";"SC"
"4213104";"PIRATUBA";"Piratuba";"SC"
"4213153";"PLANALTO ALEGRE";"Planalto Alegre";"SC"
"4213203";"POMERODE";"Pomerode";"SC"
"4213302";"PONTE ALTA";"Ponte Alta";"SC"
"4213351";"PONTE ALTA DO NORTE";"Ponte Alta do Norte";"SC"
"4213401";"PONTE SERRADA";"Ponte Serrada";"SC"
"4213500";"PORTO BELO";"Porto Belo";"SC"
"4213609";"PORTO UNIAO";"Porto União";"SC"
"4213708";"POUSO REDONDO";"Pouso Redondo";"SC"
"4213807";"PRAIA GRANDE";"Praia Grande";"SC"
"4213906";"PRESIDENTE CASTELO BRANCO";"Presidente Castelo Branco";"SC"
"4214003";"PRESIDENTE GETULIO";"Presidente Getúlio";"SC"
"4214102";"PRESIDENTE NEREU";"Presidente Nereu";"SC"
"4214151";"PRINCESA";"Princesa";"SC"
"4214201";"QUILOMBO";"Quilombo";"SC"
"4214300";"RANCHO QUEIMADO";"Rancho Queimado";"SC"
"4214409";"RIO DAS ANTAS";"Rio das Antas";"SC"
"4214508";"RIO DO CAMPO";"Rio do Campo";"SC"
"4214607";"RIO DO OESTE";"Rio do Oeste";"SC"
"4214706";"RIO DOS CEDROS";"Rio dos Cedros";"SC"
"4214805";"RIO DO SUL";"Rio do Sul";"SC"
"4214904";"RIO FORTUNA";"Rio Fortuna";"SC"
"4215000";"RIO NEGRINHO";"Rio Negrinho";"SC"
"4215059";"RIO RUFINO";"Rio Rufino";"SC"
"4215075";"RIQUEZA";"Riqueza";"SC"
"4215109";"RODEIO";"Rodeio";"SC"
"4215208";"ROMELANDIA";"Romelândia";"SC"
"4215307";"SALETE";"Salete";"SC"
"4215356";"SALTINHO";"Saltinho";"SC"
"4215406";"SALTO VELOSO";"Salto Veloso";"SC"
"4215455";"SANGAO";"Sangão";"SC"
"4215505";"SANTA CECILIA";"Santa Cecília";"SC"
"4215554";"SANTA HELENA";"Santa Helena";"SC"
"4215604";"SANTA ROSA DE LIMA";"Santa Rosa de Lima";"SC"
"4215653";"SANTA ROSA DO SUL";"Santa Rosa do Sul";"SC"
"4215679";"SANTA TEREZINHA";"Santa Terezinha";"SC"
"4215687";"SANTA TEREZINHA DO PROGRESSO";"Santa Terezinha do Progresso";"SC"
"4215695";"SANTIAGO DO SUL";"Santiago do Sul";"SC"
"4215703";"SANTO AMARO DA IMPERATRIZ";"Santo Amaro da Imperatriz";"SC"
"4215752";"SAO BERNARDINO";"São Bernardino";"SC"
"4215802";"SAO BENTO DO SUL";"São Bento do Sul";"SC"
"4215901";"SAO BONIFACIO";"São Bonifácio";"SC"
"4216008";"SAO CARLOS";"São Carlos";"SC"
"4216057";"SAO CRISTOVAO DO SUL";"São Cristovão do Sul";"SC"
"4216107";"SAO DOMINGOS";"São Domingos";"SC"
"4216206";"SAO FRANCISCO DO SUL";"São Francisco do Sul";"SC"
"4216255";"SAO JOAO DO OESTE";"São João do Oeste";"SC"
"4216305";"SAO JOAO BATISTA";"São João Batista";"SC"
"4216354";"SAO JOAO DO ITAPERIU";"São João do Itaperiú";"SC"
"4216404";"SAO JOAO DO SUL";"São João do Sul";"SC"
"4216503";"SAO JOAQUIM";"São Joaquim";"SC"
"4216602";"SAO JOSE";"São José";"SC"
"4106456";"CORONEL DOMINGOS SOARES";"Coronel Domingos Soares";"PR"
"4106506";"CORONEL VIVIDA";"Coronel Vivida";"PR"
"4106555";"CORUMBATAI DO SUL";"Corumbataí do Sul";"PR"
"4106571";"CRUZEIRO DO IGUACU";"Cruzeiro do Iguaçu";"PR"
"4106605";"CRUZEIRO DO OESTE";"Cruzeiro do Oeste";"PR"
"4106704";"CRUZEIRO DO SUL";"Cruzeiro do Sul";"PR"
"4106803";"CRUZ MACHADO";"Cruz Machado";"PR"
"4106852";"CRUZMALTINA";"Cruzmaltina";"PR"
"4106902";"CURITIBA";"Curitiba";"PR"
"4107009";"CURIUVA";"Curiúva";"PR"
"4107108";"DIAMANTE DO NORTE";"Diamante do Norte";"PR"
"4107124";"DIAMANTE DO SUL";"Diamante do Sul";"PR"
"4107157";"DIAMANTE D'OESTE";"Diamante D'Oeste";"PR"
"4107207";"DOIS VIZINHOS";"Dois Vizinhos";"PR"
"4107256";"DOURADINA";"Douradina";"PR"
"4107306";"DOUTOR CAMARGO";"Doutor Camargo";"PR"
"4107405";"ENEAS MARQUES";"Enéas Marques";"PR"
"4107504";"ENGENHEIRO BELTRAO";"Engenheiro Beltrão";"PR"
"4107520";"ESPERANCA NOVA";"Esperança Nova";"PR"
"4107538";"ENTRE RIOS DO OESTE";"Entre Rios do Oeste";"PR"
"4107546";"ESPIGAO ALTO DO IGUACU";"Espigão Alto do Iguaçu";"PR"
"4107553";"FAROL";"Farol";"PR"
"4107603";"FAXINAL";"Faxinal";"PR"
"4107652";"FAZENDA RIO GRANDE";"Fazenda Rio Grande";"PR"
"4107702";"FENIX";"Fênix";"PR"
"4107736";"FERNANDES PINHEIRO";"Fernandes Pinheiro";"PR"
"4107751";"FIGUEIRA";"Figueira";"PR"
"4107801";"FLORAI";"Floraí";"PR"
"4107850";"FLOR DA SERRA DO SUL";"Flor da Serra do Sul";"PR"
"4107900";"FLORESTA";"Floresta";"PR"
"4108007";"FLORESTOPOLIS";"Florestópolis";"PR"
"4108106";"FLORIDA";"Flórida";"PR"
"4108205";"FORMOSA DO OESTE";"Formosa do Oeste";"PR"
"4108304";"FOZ DO IGUACU";"Foz do Iguaçu";"PR"
"4108320";"FRANCISCO ALVES";"Francisco Alves";"PR"
"4108403";"FRANCISCO BELTRAO";"Francisco Beltrão";"PR"
"4108452";"FOZ DO JORDAO";"Foz do Jordão";"PR"
"4108502";"GENERAL CARNEIRO";"General Carneiro";"PR"
"4108551";"GODOY MOREIRA";"Godoy Moreira";"PR"
"4108601";"GOIOERE";"Goioerê";"PR"
"4108650";"GOIOXIM";"Goioxim";"PR"
"4108700";"GRANDES RIOS";"Grandes Rios";"PR"
"4108809";"GUAIRA";"Guaíra";"PR"
"4108908";"GUAIRACA";"Guairaçá";"PR"
"4108957";"GUAMIRANGA";"Guamiranga";"PR"
"4109005";"GUAPIRAMA";"Guapirama";"PR"
"4109104";"GUAPOREMA";"Guaporema";"PR"
"4109203";"GUARACI";"Guaraci";"PR"
"4109302";"GUARANIACU";"Guaraniaçu";"PR"
"4109401";"GUARAPUAVA";"Guarapuava";"PR"
"4109500";"GUARAQUECABA";"Guaraqueçaba";"PR"
"4109609";"GUARATUBA";"Guaratuba";"PR"
"4109658";"HONORIO SERPA";"Honório Serpa";"PR"
"4109708";"IBAITI";"Ibaiti";"PR"
"4109757";"IBEMA";"Ibema";"PR"
"4109807";"IBIPORA";"Ibiporã";"PR"
"4109906";"ICARAIMA";"Icaraíma";"PR"
"4110003";"IGUARACU";"Iguaraçu";"PR"
"4110052";"IGUATU";"Iguatu";"PR"
"4110078";"IMBAU";"Imbaú";"PR"
"4110102";"IMBITUVA";"Imbituva";"PR"
"4110201";"INACIO MARTINS";"Inácio Martins";"PR"
"4110300";"INAJA";"Inajá";"PR"
"4110409";"INDIANOPOLIS";"Indianópolis";"PR"
"4110508";"IPIRANGA";"Ipiranga";"PR"
"4110607";"IPORA";"Iporã";"PR"
"4110656";"IRACEMA DO OESTE";"Iracema do Oeste";"PR"
"4110706";"IRATI";"Irati";"PR"
"4110805";"IRETAMA";"Iretama";"PR"
"4110904";"ITAGUAJE";"Itaguajé";"PR"
"4110953";"ITAIPULANDIA";"Itaipulândia";"PR"
"4111001";"ITAMBARACA";"Itambaracá";"PR"
"4111100";"ITAMBE";"Itambé";"PR"
"4111209";"ITAPEJARA D'OESTE";"Itapejara d'Oeste";"PR"
"4111258";"ITAPERUCU";"Itaperuçu";"PR"
"4111308";"ITAUNA DO SUL";"Itaúna do Sul";"PR"
"4111407";"IVAI";"Ivaí";"PR"
"4111506";"IVAIPORA";"Ivaiporã";"PR"
"4111555";"IVATE";"Ivaté";"PR"
"4111605";"IVATUBA";"Ivatuba";"PR"
"4111704";"JABOTI";"Jaboti";"PR"
"4111803";"JACAREZINHO";"Jacarezinho";"PR"
"4111902";"JAGUAPITA";"Jaguapitã";"PR"
"4112009";"JAGUARIAIVA";"Jaguariaíva";"PR"
"4112108";"JANDAIA DO SUL";"Jandaia do Sul";"PR"
"4112207";"JANIOPOLIS";"Janiópolis";"PR"
"4112306";"JAPIRA";"Japira";"PR"
"4112405";"JAPURA";"Japurá";"PR"
"4112504";"JARDIM ALEGRE";"Jardim Alegre";"PR"
"4112603";"JARDIM OLINDA";"Jardim Olinda";"PR"
"4112702";"JATAIZINHO";"Jataizinho";"PR"
"4112751";"JESUITAS";"Jesuítas";"PR"
"4112801";"JOAQUIM TAVORA";"Joaquim Távora";"PR"
"4112900";"JUNDIAI DO SUL";"Jundiaí do Sul";"PR"
"4112959";"JURANDA";"Juranda";"PR"
"4113007";"JUSSARA";"Jussara";"PR"
"4113106";"KALORE";"Kaloré";"PR"
"4113205";"LAPA";"Lapa";"PR"
"4113254";"LARANJAL";"Laranjal";"PR"
"4113304";"LARANJEIRAS DO SUL";"Laranjeiras do Sul";"PR"
"4113403";"LEOPOLIS";"Leópolis";"PR"
"4113429";"LIDIANOPOLIS";"Lidianópolis";"PR"
"4113452";"LINDOESTE";"Lindoeste";"PR"
"4113502";"LOANDA";"Loanda";"PR"
"4113601";"LOBATO";"Lobato";"PR"
"4113700";"LONDRINA";"Londrina";"PR"
"4113734";"LUIZIANA";"Luiziana";"PR"
"4113759";"LUNARDELLI";"Lunardelli";"PR"
"4113809";"LUPIONOPOLIS";"Lupionópolis";"PR"
"4113908";"MALLET";"Mallet";"PR"
"4114005";"MAMBORE";"Mamborê";"PR"
"4114104";"MANDAGUACU";"Mandaguaçu";"PR"
"4114203";"MANDAGUARI";"Mandaguari";"PR"
"4114302";"MANDIRITUBA";"Mandirituba";"PR"
"4114351";"MANFRINOPOLIS";"Manfrinópolis";"PR"
"4114401";"MANGUEIRINHA";"Mangueirinha";"PR"
"4114500";"MANOEL RIBAS";"Manoel Ribas";"PR"
"4114609";"MARECHAL CANDIDO RONDON";"Marechal Cândido Rondon";"PR"
"4114708";"MARIA HELENA";"Maria Helena";"PR"
"4114807";"MARIALVA";"Marialva";"PR"
"4114906";"MARILANDIA DO SUL";"Marilândia do Sul";"PR"
"4115002";"MARILENA";"Marilena";"PR"
"4115101";"MARILUZ";"Mariluz";"PR"
"4115200";"MARINGA";"Maringá";"PR"
"4115309";"MARIOPOLIS";"Mariópolis";"PR"
"4115358";"MARIPA";"Maripá";"PR"
"4115408";"MARMELEIRO";"Marmeleiro";"PR"
"4115457";"MARQUINHO";"Marquinho";"PR"
"4115507";"MARUMBI";"Marumbi";"PR"
"4115606";"MATELANDIA";"Matelândia";"PR"
"4115705";"MATINHOS";"Matinhos";"PR"
"4115739";"MATO RICO";"Mato Rico";"PR"
"4115754";"MAUA DA SERRA";"Mauá da Serra";"PR"
"4314464";"PINHAL DA SERRA";"Pinhal da Serra";"RS"
"4314472";"PINHAL GRANDE";"Pinhal Grande";"RS"
"4314498";"PINHEIRINHO DO VALE";"Pinheirinho do Vale";"RS"
"4314506";"PINHEIRO MACHADO";"Pinheiro Machado";"RS"
"4314548";"PINTO BANDEIRA";"Pinto Bandeira";"RS"
"4314555";"PIRAPO";"Pirapó";"RS"
"4314605";"PIRATINI";"Piratini";"RS"
"4314704";"PLANALTO";"Planalto";"RS"
"4314753";"POCO DAS ANTAS";"Poço das Antas";"RS"
"4314779";"PONTAO";"Pontão";"RS"
"4314787";"PONTE PRETA";"Ponte Preta";"RS"
"4314803";"PORTAO";"Portão";"RS"
"4314902";"PORTO ALEGRE";"Porto Alegre";"RS"
"4315008";"PORTO LUCENA";"Porto Lucena";"RS"
"4315057";"PORTO MAUA";"Porto Mauá";"RS"
"4315073";"PORTO VERA CRUZ";"Porto Vera Cruz";"RS"
"4315107";"PORTO XAVIER";"Porto Xavier";"RS"
"4315131";"POUSO NOVO";"Pouso Novo";"RS"
"4315149";"PRESIDENTE LUCENA";"Presidente Lucena";"RS"
"4315156";"PROGRESSO";"Progresso";"RS"
"4315172";"PROTASIO ALVES";"Protásio Alves";"RS"
"4315206";"PUTINGA";"Putinga";"RS"
"4315305";"QUARAI";"Quaraí";"RS"
"4315313";"QUATRO IRMAOS";"Quatro Irmãos";"RS"
"4315321";"QUEVEDOS";"Quevedos";"RS"
"4315354";"QUINZE DE NOVEMBRO";"Quinze de Novembro";"RS"
"4315404";"REDENTORA";"Redentora";"RS"
"4315453";"RELVADO";"Relvado";"RS"
"4315503";"RESTINGA SECA";"Restinga Seca";"RS"
"4315552";"RIO DOS INDIOS";"Rio dos Índios";"RS"
"4315602";"RIO GRANDE";"Rio Grande";"RS"
"4315701";"RIO PARDO";"Rio Pardo";"RS"
"4315750";"RIOZINHO";"Riozinho";"RS"
"4315800";"ROCA SALES";"Roca Sales";"RS"
"4315909";"RODEIO BONITO";"Rodeio Bonito";"RS"
"4315958";"ROLADOR";"Rolador";"RS"
"4316006";"ROLANTE";"Rolante";"RS"
"4316105";"RONDA ALTA";"Ronda Alta";"RS"
"4316204";"RONDINHA";"Rondinha";"RS"
"4316303";"ROQUE GONZALES";"Roque Gonzales";"RS"
"4316402";"ROSARIO DO SUL";"Rosário do Sul";"RS"
"4316428";"SAGRADA FAMILIA";"Sagrada Família";"RS"
"4316436";"SALDANHA MARINHO";"Saldanha Marinho";"RS"
"4316451";"SALTO DO JACUI";"Salto do Jacuí";"RS"
"4316477";"SALVADOR DAS MISSOES";"Salvador das Missões";"RS"
"4316501";"SALVADOR DO SUL";"Salvador do Sul";"RS"
"4316600";"SANANDUVA";"Sananduva";"RS"
"4316709";"SANTA BARBARA DO SUL";"Santa Bárbara do Sul";"RS"
"4316733";"SANTA CECILIA DO SUL";"Santa Cecília do Sul";"RS"
"4316758";"SANTA CLARA DO SUL";"Santa Clara do Sul";"RS"
"4316808";"SANTA CRUZ DO SUL";"Santa Cruz do Sul";"RS"
"4316907";"SANTA MARIA";"Santa Maria";"RS"
"4316956";"SANTA MARIA DO HERVAL";"Santa Maria do Herval";"RS"
"4316972";"SANTA MARGARIDA DO SUL";"Santa Margarida do Sul";"RS"
"4317004";"SANTANA DA BOA VISTA";"Santana da Boa Vista";"RS"
"4317103";"SANTANA DO LIVRAMENTO";"Santana do Livramento";"RS"
"4317202";"SANTA ROSA";"Santa Rosa";"RS"
"4317251";"SANTA TEREZA";"Santa Tereza";"RS"
"4317301";"SANTA VITORIA DO PALMAR";"Santa Vitória do Palmar";"RS"
"4317400";"SANTIAGO";"Santiago";"RS"
"4317509";"SANTO ANGELO";"Santo Ângelo";"RS"
"4317558";"SANTO ANTONIO DO PALMA";"Santo Antônio do Palma";"RS"
"4317608";"SANTO ANTONIO DA PATRULHA";"Santo Antônio da Patrulha";"RS"
"4317707";"SANTO ANTONIO DAS MISSOES";"Santo Antônio das Missões";"RS"
"4317756";"SANTO ANTONIO DO PLANALTO";"Santo Antônio do Planalto";"RS"
"4317806";"SANTO AUGUSTO";"Santo Augusto";"RS"
"4317905";"SANTO CRISTO";"Santo Cristo";"RS"
"4317954";"SANTO EXPEDITO DO SUL";"Santo Expedito do Sul";"RS"
"4318002";"SAO BORJA";"São Borja";"RS"
"4318051";"SAO DOMINGOS DO SUL";"São Domingos do Sul";"RS"
"4318101";"SAO FRANCISCO DE ASSIS";"São Francisco de Assis";"RS"
"4318200";"SAO FRANCISCO DE PAULA";"São Francisco de Paula";"RS"
"4318309";"SAO GABRIEL";"São Gabriel";"RS"
"4318408";"SAO JERONIMO";"São Jerônimo";"RS"
"4318424";"SAO JOAO DA URTIGA";"São João da Urtiga";"RS"
"4318432";"SAO JOAO DO POLESINE";"São João do Polêsine";"RS"
"4318440";"SAO JORGE";"São Jorge";"RS"
"4318457";"SAO JOSE DAS MISSOES";"São José das Missões";"RS"
"4318465";"SAO JOSE DO HERVAL";"São José do Herval";"RS"
"4318481";"SAO JOSE DO HORTENCIO";"São José do Hortêncio";"RS"
"4318499";"SAO JOSE DO INHACORA";"São José do Inhacorá";"RS"
"4318507";"SAO JOSE DO NORTE";"São José do Norte";"RS"
"4318606";"SAO JOSE DO OURO";"São José do Ouro";"RS"
"4318614";"SAO JOSE DO SUL";"São José do Sul";"RS"
"4318622";"SAO JOSE DOS AUSENTES";"São José dos Ausentes";"RS"
"4318705";"SAO LEOPOLDO";"São Leopoldo";"RS"
"4318804";"SAO LOURENCO DO SUL";"São Lourenço do Sul";"RS"
"4318903";"SAO LUIZ GONZAGA";"São Luiz Gonzaga";"RS"
"4319000";"SAO MARCOS";"São Marcos";"RS"
"4319109";"SAO MARTINHO";"São Martinho";"RS"
"4319125";"SAO MARTINHO DA SERRA";"São Martinho da Serra";"RS"
"4319158";"SAO MIGUEL DAS MISSOES";"São Miguel das Missões";"RS"
"4319208";"SAO NICOLAU";"São Nicolau";"RS"
"4319307";"SAO PAULO DAS MISSOES";"São Paulo das Missões";"RS"
"4319356";"SAO PEDRO DA SERRA";"São Pedro da Serra";"RS"
"4319364";"SAO PEDRO DAS MISSOES";"São Pedro das Missões";"RS"
"4319372";"SAO PEDRO DO BUTIA";"São Pedro do Butiá";"RS"
"4319406";"SAO PEDRO DO SUL";"São Pedro do Sul";"RS"
"4319505";"SAO SEBASTIAO DO CAI";"São Sebastião do Caí";"RS"
"4319604";"SAO SEPE";"São Sepé";"RS"
"4319703";"SAO VALENTIM";"São Valentim";"RS"
"4319711";"SAO VALENTIM DO SUL";"São Valentim do Sul";"RS"
"4319737";"SAO VALERIO DO SUL";"São Valério do Sul";"RS"
"4319752";"SAO VENDELINO";"São Vendelino";"RS"
"4319802";"SAO VICENTE DO SUL";"São Vicente do Sul";"RS"
"4319901";"SAPIRANGA";"Sapiranga";"RS"
"4320008";"SAPUCAIA DO SUL";"Sapucaia do Sul";"RS"
"4320107";"SARANDI";"Sarandi";"RS"
"4320206";"SEBERI";"Seberi";"RS"
"4320230";"SEDE NOVA";"Sede Nova";"RS"
"4320263";"SEGREDO";"Segredo";"RS"
"4320305";"SELBACH";"Selbach";"RS"
"4320321";"SENADOR SALGADO FILHO";"Senador Salgado Filho";"RS"
"4320354";"SENTINELA DO SUL";"Sentinela do Sul";"RS"
"4320404";"SERAFINA CORREA";"Serafina Corrêa";"RS"
"4320453";"SERIO";"Sério";"RS"
"4320503";"SERTAO";"Sertão";"RS"
"4320552";"SERTAO SANTANA";"Sertão Santana";"RS"
"4320578";"SETE DE SETEMBRO";"Sete de Setembro";"RS"
"4320602";"SEVERIANO DE ALMEIDA";"Severiano de Almeida";"RS"
"4320651";"SILVEIRA MARTINS";"Silveira Martins";"RS"
"4320677";"SINIMBU";"Sinimbu";"RS"
"4320701";"SOBRADINHO";"Sobradinho";"RS"
"4320800";"SOLEDADE";"Soledade";"RS"
"4320859";"TABAI";"Tabaí";"RS"
"4320909";"TAPEJARA";"Tapejara";"RS"
"4321006";"TAPERA";"Tapera";"RS"
"4321105";"TAPES";"Tapes";"RS"
"4321204";"TAQUARA";"Taquara";"RS"
"4321303";"TAQUARI";"Taquari";"RS"
"4321329";"TAQUARUCU DO SUL";"Taquaruçu do Sul";"RS"
"4321352";"TAVARES";"Tavares";"RS"
"4321402";"TENENTE PORTELA";"Tenente Portela";"RS"
"4321436";"TERRA DE AREIA";"Terra de Areia";"RS"
"4321451";"TEUTONIA";"Teutônia";"RS"
"4321469";"TIO HUGO";"Tio Hugo";"RS"
"4321477";"TIRADENTES DO SUL";"Tiradentes do Sul";"RS"
"4321493";"TOROPI";"Toropi";"RS"
"4321501";"TORRES";"Torres";"RS"
"4321600";"TRAMANDAI";"Tramandaí";"RS"
"4321626";"TRAVESSEIRO";"Travesseiro";"RS"
"4321634";"TRES ARROIOS";"Três Arroios";"RS"
"4321667";"TRES CACHOEIRAS";"Três Cachoeiras";"RS"
"4321709";"TRES COROAS";"Três Coroas";"RS"
"4321808";"TRES DE MAIO";"Três de Maio";"RS"
"4321832";"TRES FORQUILHAS";"Três Forquilhas";"RS"
"4321857";"TRES PALMEIRAS";"Três Palmeiras";"RS"
"4321907";"TRES PASSOS";"Três Passos";"RS"
"4321956";"TRINDADE DO SUL";"Trindade do Sul";"RS"
"4322004";"TRIUNFO";"Triunfo";"RS"
"4322103";"TUCUNDUVA";"Tucunduva";"RS"
"4322152";"TUNAS";"Tunas";"RS"
"4322186";"TUPANCI DO SUL";"Tupanci do Sul";"RS"
"4322202";"TUPANCIRETA";"Tupanciretã";"RS"
"4322251";"TUPANDI";"Tupandi";"RS"
"4322301";"TUPARENDI";"Tuparendi";"RS"
"4322327";"TURUCU";"Turuçu";"RS"
"4322343";"UBIRETAMA";"Ubiretama";"RS"
"4322350";"UNIAO DA SERRA";"União da Serra";"RS"
"4322376";"UNISTALDA";"Unistalda";"RS"
"4322400";"URUGUAIANA";"Uruguaiana";"RS"
"4322509";"VACARIA";"Vacaria";"RS"
"4322525";"VALE VERDE";"Vale Verde";"RS"
"3159902";"SANTO ANTONIO DO AMPARO";"Santo Antônio do Amparo";"MG"
"3160009";"SANTO ANTONIO DO AVENTUREIRO";"Santo Antônio do Aventureiro";"MG"
"3160108";"SANTO ANTONIO DO GRAMA";"Santo Antônio do Grama";"MG"
"3160207";"SANTO ANTONIO DO ITAMBE";"Santo Antônio do Itambé";"MG"
"3160306";"SANTO ANTONIO DO JACINTO";"Santo Antônio do Jacinto";"MG"
"3160405";"SANTO ANTONIO DO MONTE";"Santo Antônio do Monte";"MG"
"3160454";"SANTO ANTONIO DO RETIRO";"Santo Antônio do Retiro";"MG"
"3160504";"SANTO ANTONIO DO RIO ABAIXO";"Santo Antônio do Rio Abaixo";"MG"
"3160603";"SANTO HIPOLITO";"Santo Hipólito";"MG"
"3160702";"SANTOS DUMONT";"Santos Dumont";"MG"
"3160801";"SAO BENTO ABADE";"São Bento Abade";"MG"
"3160900";"SAO BRAS DO SUACUI";"São Brás do Suaçuí";"MG"
"3160959";"SAO DOMINGOS DAS DORES";"São Domingos das Dores";"MG"
"3161007";"SAO DOMINGOS DO PRATA";"São Domingos do Prata";"MG"
"3161056";"SAO FELIX DE MINAS";"São Félix de Minas";"MG"
"3161106";"SAO FRANCISCO";"São Francisco";"MG"
"3161205";"SAO FRANCISCO DE PAULA";"São Francisco de Paula";"MG"
"3161304";"SAO FRANCISCO DE SALES";"São Francisco de Sales";"MG"
"3161403";"SAO FRANCISCO DO GLORIA";"São Francisco do Glória";"MG"
"3161502";"SAO GERALDO";"São Geraldo";"MG"
"3161601";"SAO GERALDO DA PIEDADE";"São Geraldo da Piedade";"MG"
"3161650";"SAO GERALDO DO BAIXIO";"São Geraldo do Baixio";"MG"
"3161700";"SAO GONCALO DO ABAETE";"São Gonçalo do Abaeté";"MG"
"3161809";"SAO GONCALO DO PARA";"São Gonçalo do Pará";"MG"
"3161908";"SAO GONCALO DO RIO ABAIXO";"São Gonçalo do Rio Abaixo";"MG"
"3162005";"SAO GONCALO DO SAPUCAI";"São Gonçalo do Sapucaí";"MG"
"3162104";"SAO GOTARDO";"São Gotardo";"MG"
"3162203";"SAO JOAO BATISTA DO GLORIA";"São João Batista do Glória";"MG"
"3162252";"SAO JOAO DA LAGOA";"São João da Lagoa";"MG"
"3162302";"SAO JOAO DA MATA";"São João da Mata";"MG"
"3162401";"SAO JOAO DA PONTE";"São João da Ponte";"MG"
"3162450";"SAO JOAO DAS MISSOES";"São João das Missões";"MG"
"3162500";"SAO JOAO DEL REI";"São João del Rei";"MG"
"3162559";"SAO JOAO DO MANHUACU";"São João do Manhuaçu";"MG"
"3162575";"SAO JOAO DO MANTENINHA";"São João do Manteninha";"MG"
"3162609";"SAO JOAO DO ORIENTE";"São João do Oriente";"MG"
"3162658";"SAO JOAO DO PACUI";"São João do Pacuí";"MG"
"3162708";"SAO JOAO DO PARAISO";"São João do Paraíso";"MG"
"3304144";"QUEIMADOS";"Queimados";"RJ"
"3304151";"QUISSAMA";"Quissamã";"RJ"
"3304201";"RESENDE";"Resende";"RJ"
"3304300";"RIO BONITO";"Rio Bonito";"RJ"
"3304409";"RIO CLARO";"Rio Claro";"RJ"
"3304508";"RIO DAS FLORES";"Rio das Flores";"RJ"
"3304524";"RIO DAS OSTRAS";"Rio das Ostras";"RJ"
"3304557";"RIO DE JANEIRO";"Rio de Janeiro";"RJ"
"3304607";"SANTA MARIA MADALENA";"Santa Maria Madalena";"RJ"
"3304706";"SANTO ANTONIO DE PADUA";"Santo Antônio de Pádua";"RJ"
"3304755";"SAO FRANCISCO DE ITABAPOANA";"São Francisco de Itabapoana";"RJ"
"3304805";"SAO FIDELIS";"São Fidélis";"RJ"
"3304904";"SAO GONCALO";"São Gonçalo";"RJ"
"3305000";"SAO JOAO DA BARRA";"São João da Barra";"RJ"
"3305109";"SAO JOAO DE MERITI";"São João de Meriti";"RJ"
"3305133";"SAO JOSE DE UBA";"São José de Ubá";"RJ"
"3305158";"SAO JOSE DO VALE DO RIO PRETO";"São José do Vale do Rio Preto";"RJ"
"3305208";"SAO PEDRO DA ALDEIA";"São Pedro da Aldeia";"RJ"
"3305307";"SAO SEBASTIAO DO ALTO";"São Sebastião do Alto";"RJ"
"3305406";"SAPUCAIA";"Sapucaia";"RJ"
"3305505";"SAQUAREMA";"Saquarema";"RJ"
"3305554";"SEROPEDICA";"Seropédica";"RJ"
"3305604";"SILVA JARDIM";"Silva Jardim";"RJ"
"3305703";"SUMIDOURO";"Sumidouro";"RJ"
"3305752";"TANGUA";"Tanguá";"RJ"
"3305802";"TERESOPOLIS";"Teresópolis";"RJ"
"3305901";"TRAJANO DE MORAES";"Trajano de Moreis";"RJ"
"3306008";"TRES RIOS";"Três Rios";"RJ"
"3306107";"VALENCA";"Valença";"RJ"
"3306156";"VARRE-SAI";"Varre-Sai";"RJ"
"3306206";"VASSOURAS";"Vassouras";"RJ"
"3306305";"VOLTA REDONDA";"Volta Redonda";"RJ"
"3400105";"ADAMANTINA";"Adamantina";"SP"
"3400204";"ADOLFO";"Adolfo";"SP"
"3400303";"AGUAI";"Aguaí";"SP"
"3400402";"AGUAS DA PRATA";"Águas da Prata";"SP"
"3400501";"AGUAS DE LINDOIA";"Águas de Lindóia";"SP"
"3400550";"AGUAS DE SANTA BARBARA";"Águas de Santa Bárbara";"SP"
"3400600";"AGUAS DE SAO PEDRO";"Águas de São Pedro";"SP"
"3400709";"AGUDOS";"Agudos";"SP"
"3400758";"ALAMBARI";"Alambari";"SP"
"3400808";"ALFREDO MARCONDES";"Alfredo Marcondes";"SP"
"3400907";"ALTAIR";"Altair";"SP"
"3401004";"ALTINOPOLIS";"Altinópolis";"SP"
"3401103";"ALTO ALEGRE";"Alto Alegre";"SP"
"3401152";"ALUMINIO";"Alumínio";"SP"
"3401202";"ALVARES FLORENCE";"Álvares Florence";"SP"
"3401301";"ALVARES MACHADO";"Álvares Machado";"SP"
"3401400";"ALVARO DE CARVALHO";"Álvaro de Carvalho";"SP"
"3401509";"ALVINLANDIA";"Alvinlândia";"SP"
"3401608";"AMERICANA";"Americana";"SP"
"3401707";"AMERICO BRASILIENSE";"Américo Brasiliense";"SP"
"3401806";"AMERICO DE CAMPOS";"Américo de Campos";"SP"
"3401905";"AMPARO";"Amparo";"SP"
"3402002";"ANALANDIA";"Analândia";"SP"
"3402101";"ANDRADINA";"Andradina";"SP"
"3402200";"ANGATUBA";"Angatuba";"SP"
"3402309";"ANHEMBI";"Anhembi";"SP"
"3402408";"ANHUMAS";"Anhumas";"SP"
"3402507";"APARECIDA";"Aparecida";"SP"
"3402606";"APARECIDA D'OESTE";"Aparecida d'Oeste";"SP"
"3402705";"APIAI";"Apiaí";"SP"
"3402754";"ARACARIGUAMA";"Araçariguama";"SP"
"3402804";"ARACATUBA";"Araçatuba";"SP"
"3402903";"ARACOIABA DA SERRA";"Araçoiaba da Serra";"SP"
"3403000";"ARAMINA";"Aramina";"SP"
"3403109";"ARANDU";"Arandu";"SP"
"3403158";"ARAPEI";"Arapeí";"SP"
"3403208";"ARARAQUARA";"Araraquara";"SP"
"3403307";"ARARAS";"Araras";"SP"
"4216701";"SAO JOSE DO CEDRO";"São José do Cedro";"SC"
"4216800";"SAO JOSE DO CERRITO";"São José do Cerrito";"SC"
"4216909";"SAO LOURENCO DO OESTE";"São Lourenço do Oeste";"SC"
"4217006";"SAO LUDGERO";"São Ludgero";"SC"
"4217105";"SAO MARTINHO";"São Martinho";"SC"
"4217154";"SAO MIGUEL DA BOA VISTA";"São Miguel da Boa Vista";"SC"
"4217204";"SAO MIGUEL DO OESTE";"São Miguel do Oeste";"SC"
"4217253";"SAO PEDRO DE ALCANTARA";"São Pedro de Alcântara";"SC"
"4217303";"SAUDADES";"Saudades";"SC"
"4217402";"SCHROEDER";"Schroeder";"SC"
"4217501";"SEARA";"Seara";"SC"
"4217550";"SERRA ALTA";"Serra Alta";"SC"
"4217600";"SIDEROPOLIS";"Siderópolis";"SC"
"4217709";"SOMBRIO";"Sombrio";"SC"
"4217758";"SUL BRASIL";"Sul Brasil";"SC"
"4217808";"TAIO";"Taió";"SC"
"4217907";"TANGARA";"Tangará";"SC"
"4217956";"TIGRINHOS";"Tigrinhos";"SC"
"4218004";"TIJUCAS";"Tijucas";"SC"
"4218103";"TIMBE DO SUL";"Timbé do Sul";"SC"
"4218202";"TIMBO";"Timbó";"SC"
"4218251";"TIMBO GRANDE";"Timbó Grande";"SC"
"5104542";"ITANHANGA";"Itanhangá";"MT"
"5100201";"AGUA BOA";"Água Boa";"MT"
"5100250";"ALTA FLORESTA";"Alta Floresta";"MT"
"5100300";"ALTO ARAGUAIA";"Alto Araguaia";"MT"
"5100359";"ALTO BOA VISTA";"Alto Boa Vista";"MT"
"5100409";"ALTO GARCAS";"Alto Garças";"MT"
"5100508";"ALTO PARAGUAI";"Alto Paraguai";"MT"
"5100607";"ALTO TAQUARI";"Alto Taquari";"MT"
"5100805";"APIACAS";"Apiacás";"MT"
"5101001";"ARAGUAIANA";"Araguaiana";"MT"
"5101209";"ARAGUAINHA";"Araguainha";"MT"
"5101258";"ARAPUTANGA";"Araputanga";"MT"
"5101308";"ARENAPOLIS";"Arenápolis";"MT"
"5101407";"ARIPUANA";"Aripuanã";"MT"
"5101605";"BARAO DE MELGACO";"Barão de Melgaço";"MT"
"5101704";"BARRA DO BUGRES";"Barra do Bugres";"MT"
"5101803";"BARRA DO GARCAS";"Barra do Garças";"MT"
"5101852";"BOM JESUS DO ARAGUAIA";"Bom Jesus do Araguaia";"MT"
"5101902";"BRASNORTE";"Brasnorte";"MT"
"5102504";"CACERES";"Cáceres";"MT"
"5102603";"CAMPINAPOLIS";"Campinápolis";"MT"
"5102637";"CAMPO NOVO DO PARECIS";"Campo Novo do Parecis";"MT"
"5102678";"CAMPO VERDE";"Campo Verde";"MT"
"5102686";"CAMPOS DE JULIO";"Campos de Júlio";"MT"
"5102694";"CANABRAVA DO NORTE";"Canabrava do Norte";"MT"
"5102702";"CANARANA";"Canarana";"MT"
"5102793";"CARLINDA";"Carlinda";"MT"
"5102850";"CASTANHEIRA";"Castanheira";"MT"
"5103007";"CHAPADA DOS GUIMARAES";"Chapada dos Guimarães";"MT"
"5103056";"CLAUDIA";"Cláudia";"MT"
"5103106";"COCALINHO";"Cocalinho";"MT"
"5103205";"COLIDER";"Colíder";"MT"
"5103254";"COLNIZA";"Colniza";"MT"
"5103304";"COMODORO";"Comodoro";"MT"
"5103353";"CONFRESA";"Confresa";"MT"
"5103361";"CONQUISTA D'OESTE";"Conquista D'Oeste";"MT"
"5103379";"COTRIGUACU";"Cotriguaçu";"MT"
"5103403";"CUIABA";"Cuiabá";"MT"
"5103437";"CURVELANDIA";"Curvelândia";"MT"
"5103452";"DENISE";"Denise";"MT"
"5103502";"DIAMANTINO";"Diamantino";"MT"
"5103601";"DOM AQUINO";"Dom Aquino";"MT"
"5103700";"FELIZ NATAL";"Feliz Natal";"MT"
"5103809";"FIGUEIROPOLIS D'OESTE";"Figueirópolis D'Oeste";"MT"
"5103858";"GAUCHA DO NORTE";"Gaúcha do Norte";"MT"
"5103908";"GENERAL CARNEIRO";"General Carneiro";"MT"
"5103957";"GLORIA D'OESTE";"Glória D'Oeste";"MT"
"5104104";"GUARANTA DO NORTE";"Guarantã do Norte";"MT"
"5104203";"GUIRATINGA";"Guiratinga";"MT"
"5104500";"INDIAVAI";"Indiavaí";"MT"
"5104559";"ITAUBA";"Itaúba";"MT"
"5104609";"ITIQUIRA";"Itiquira";"MT"
"5104807";"JACIARA";"Jaciara";"MT"
"5104906";"JANGADA";"Jangada";"MT"
"5105002";"JAURU";"Jauru";"MT"
"5105101";"JUARA";"Juara";"MT"
"5105150";"JUINA";"Juína";"MT"
"5105176";"JURUENA";"Juruena";"MT"
"5105200";"JUSCIMEIRA";"Juscimeira";"MT"
"5105234";"LAMBARI D'OESTE";"Lambari D'Oeste";"MT"
"5105259";"LUCAS DO RIO VERDE";"Lucas do Rio Verde";"MT"
"5105309";"LUCIARA";"Luciára";"MT"
"5105507";"VILA BELA DA SANTISSIMA TRINDADE";"Vila Bela da Santíssima Trindade";"MT"
"5105580";"MARCELANDIA";"Marcelândia";"MT"
"5105606";"MATUPA";"Matupá";"MT"
"5105622";"MIRASSOL D'OESTE";"Mirassol d'Oeste";"MT"
"5105903";"NOBRES";"Nobres";"MT"
"5106000";"NORTELANDIA";"Nortelândia";"MT"
"5106109";"NOSSA SENHORA DO LIVRAMENTO";"Nossa Senhora do Livramento";"MT"
"5106158";"NOVA BANDEIRANTES";"Nova Bandeirantes";"MT"
"5106174";"NOVA NAZARE";"Nova Nazaré";"MT"
"5106182";"NOVA LACERDA";"Nova Lacerda";"MT"
"5106190";"NOVA SANTA HELENA";"Nova Santa Helena";"MT"
"5106208";"NOVA BRASILANDIA";"Nova Brasilândia";"MT"
"5106216";"NOVA CANAA DO NORTE";"Nova Canaã do Norte";"MT"
"5106224";"NOVA MUTUM";"Nova Mutum";"MT"
"5106232";"NOVA OLIMPIA";"Nova Olímpia";"MT"
"5106240";"NOVA UBIRATA";"Nova Ubiratã";"MT"
"5106257";"NOVA XAVANTINA";"Nova Xavantina";"MT"
"5106265";"NOVO MUNDO";"Novo Mundo";"MT"
"5106273";"NOVO HORIZONTE DO NORTE";"Novo Horizonte do Norte";"MT"
"5106281";"NOVO SAO JOAQUIM";"Novo São Joaquim";"MT"
"5106299";"PARANAITA";"Paranaíta";"MT"
"5106307";"PARANATINGA";"Paranatinga";"MT"
"5106315";"NOVO SANTO ANTONIO";"Novo Santo Antônio";"MT"
"5106372";"PEDRA PRETA";"Pedra Preta";"MT"
"5106422";"PEIXOTO DE AZEVEDO";"Peixoto de Azevedo";"MT"
"5106455";"PLANALTO DA SERRA";"Planalto da Serra";"MT"
"5106505";"POCONE";"Poconé";"MT"
"5106653";"PONTAL DO ARAGUAIA";"Pontal do Araguaia";"MT"
"5106703";"PONTE BRANCA";"Ponte Branca";"MT"
"5106752";"PONTES E LACERDA";"Pontes e Lacerda";"MT"
"5106778";"PORTO ALEGRE DO NORTE";"Porto Alegre do Norte";"MT"
"5106802";"PORTO DOS GAUCHOS";"Porto dos Gaúchos";"MT"
"5106828";"PORTO ESPERIDIAO";"Porto Esperidião";"MT"
"5106851";"PORTO ESTRELA";"Porto Estrela";"MT"
"5107008";"POXOREO";"Poxoréo";"MT"
"5107040";"PRIMAVERA DO LESTE";"Primavera do Leste";"MT"
"5107065";"QUERENCIA";"Querência";"MT"
"5107107";"SAO JOSE DOS QUATRO MARCOS";"São José dos Quatro Marcos";"MT"
"5107156";"RESERVA DO CABACAL";"Reserva do Cabaçal";"MT"
"5107180";"RIBEIRAO CASCALHEIRA";"Ribeirão Cascalheira";"MT"
"5107198";"RIBEIRAOZINHO";"Ribeirãozinho";"MT"
"5107206";"RIO BRANCO";"Rio Branco";"MT"
"5107248";"SANTA CARMEM";"Santa Carmem";"MT"
"5107263";"SANTO AFONSO";"Santo Afonso";"MT"
"5107297";"SAO JOSE DO POVO";"São José do Povo";"MT"
"5107305";"SAO JOSE DO RIO CLARO";"São José do Rio Claro";"MT"
"5107354";"SAO JOSE DO XINGU";"São José do Xingu";"MT"
"5107404";"SAO PEDRO DA CIPA";"São Pedro da Cipa";"MT"
"5107578";"RONDOLANDIA";"Rondolândia";"MT"
"5107602";"RONDONOPOLIS";"Rondonópolis";"MT"
"5107701";"ROSARIO OESTE";"Rosário Oeste";"MT"
"5107743";"SANTA CRUZ DO XINGU";"Santa Cruz do Xingu";"MT"
"5107750";"SALTO DO CEU";"Salto do Céu";"MT"
"5107768";"SANTA RITA DO TRIVELATO";"Santa Rita do Trivelato";"MT"
"5107776";"SANTA TEREZINHA";"Santa Terezinha";"MT"
"5107792";"SANTO ANTONIO DO LESTE";"Santo Antônio do Leste";"MT"
"5107800";"SANTO ANTONIO DO LEVERGER";"Santo Antônio do Leverger";"MT"
"5107859";"SAO FELIX DO ARAGUAIA";"São Félix do Araguaia";"MT"
"5107875";"SAPEZAL";"Sapezal";"MT"
"5107883";"SERRA NOVA DOURADA";"Serra Nova Dourada";"MT"
"5107909";"SINOP";"Sinop";"MT"
"5107925";"SORRISO";"Sorriso";"MT"
"5107941";"TABAPORA";"Tabaporã";"MT"
"5107958";"TANGARA DA SERRA";"Tangará da Serra";"MT"
"5108006";"TAPURAH";"Tapurah";"MT"
"5108055";"TERRA NOVA DO NORTE";"Terra Nova do Norte";"MT"
"5108105";"TESOURO";"Tesouro";"MT"
"5108204";"TORIXOREU";"Torixoréu";"MT"
"5108303";"UNIAO DO SUL";"União do Sul";"MT"
"5108352";"VALE DE SAO DOMINGOS";"Vale de São Domingos";"MT"
"5108402";"VARZEA GRANDE";"Várzea Grande";"MT"
"5108501";"VERA";"Vera";"MT"
"5108600";"VILA RICA";"Vila Rica";"MT"
"5108808";"NOVA GUARITA";"Nova Guarita";"MT"
"5108857";"NOVA MARILANDIA";"Nova Marilândia";"MT"
"5108907";"NOVA MARINGA";"Nova Maringá";"MT"
"5108956";"NOVA MONTE VERDE";"Nova Monte Verde";"MT"
"5200203";"AGUA CLARA";"Água Clara";"MS"
"5200252";"ALCINOPOLIS";"Alcinópolis";"MS"
"5200609";"AMAMBAI";"Amambaí";"MS"
"5200708";"ANASTACIO";"Anastácio";"MS"
"5200807";"ANAURILANDIA";"Anaurilândia";"MS"
"5200856";"ANGELICA";"Angélica";"MS"
"4119400";"PIRAI DO SUL";"Piraí do Sul";"PR"
"4119509";"PIRAQUARA";"Piraquara";"PR"
"4119608";"PITANGA";"Pitanga";"PR"
"4119657";"PITANGUEIRAS";"Pitangueiras";"PR"
"4119707";"PLANALTINA DO PARANA";"Planaltina do Paraná";"PR"
"4119806";"PLANALTO";"Planalto";"PR"
"4119905";"PONTA GROSSA";"Ponta Grossa";"PR"
"4119954";"PONTAL DO PARANA";"Pontal do Paraná";"PR"
"4120002";"PORECATU";"Porecatu";"PR"
"4120101";"PORTO AMAZONAS";"Porto Amazonas";"PR"
"4120150";"PORTO BARREIRO";"Porto Barreiro";"PR"
"4120200";"PORTO RICO";"Porto Rico";"PR"
"4120309";"PORTO VITORIA";"Porto Vitória";"PR"
"4120333";"PRADO FERREIRA";"Prado Ferreira";"PR"
"4120358";"PRANCHITA";"Pranchita";"PR"
"4120408";"PRESIDENTE CASTELO BRANCO";"Presidente Castelo Branco";"PR"
"4120507";"PRIMEIRO DE MAIO";"Primeiro de Maio";"PR"
"4120606";"PRUDENTOPOLIS";"Prudentópolis";"PR"
"4120655";"QUARTO CENTENARIO";"Quarto Centenário";"PR"
"4120705";"QUATIGUA";"Quatiguá";"PR"
"4120804";"QUATRO BARRAS";"Quatro Barras";"PR"
"4120853";"QUATRO PONTES";"Quatro Pontes";"PR"
"4120903";"QUEDAS DO IGUACU";"Quedas do Iguaçu";"PR"
"4121000";"QUERENCIA DO NORTE";"Querência do Norte";"PR"
"4121109";"QUINTA DO SOL";"Quinta do Sol";"PR"
"4121208";"QUITANDINHA";"Quitandinha";"PR"
"4121257";"RAMILANDIA";"Ramilândia";"PR"
"4121307";"RANCHO ALEGRE";"Rancho Alegre";"PR"
"4121356";"RANCHO ALEGRE D'OESTE";"Rancho Alegre D'Oeste";"PR"
"4121406";"REALEZA";"Realeza";"PR"
"4121505";"REBOUCAS";"Rebouças";"PR"
"4121604";"RENASCENCA";"Renascença";"PR"
"4121703";"RESERVA";"Reserva";"PR"
"4121752";"RESERVA DO IGUACU";"Reserva do Iguaçu";"PR"
"4121802";"RIBEIRAO CLARO";"Ribeirão Claro";"PR"
"4121901";"RIBEIRAO DO PINHAL";"Ribeirão do Pinhal";"PR"
"4122008";"RIO AZUL";"Rio Azul";"PR"
"4122107";"RIO BOM";"Rio Bom";"PR"
"4122156";"RIO BONITO DO IGUACU";"Rio Bonito do Iguaçu";"PR"
"4122172";"RIO BRANCO DO IVAI";"Rio Branco do Ivaí";"PR"
"4122206";"RIO BRANCO DO SUL";"Rio Branco do Sul";"PR"
"4122305";"RIO NEGRO";"Rio Negro";"PR"
"4122404";"ROLANDIA";"Rolândia";"PR"
"4122503";"RONCADOR";"Roncador";"PR"
"4122602";"RONDON";"Rondon";"PR"
"4122651";"ROSARIO DO IVAI";"Rosário do Ivaí";"PR"
"4122701";"SABAUDIA";"Sabáudia";"PR"
"4122800";"SALGADO FILHO";"Salgado Filho";"PR"
"4122909";"SALTO DO ITARARE";"Salto do Itararé";"PR"
"4123006";"SALTO DO LONTRA";"Salto do Lontra";"PR"
"4123105";"SANTA AMELIA";"Santa Amélia";"PR"
"4123204";"SANTA CECILIA DO PAVAO";"Santa Cecília do Pavão";"PR"
"4123303";"SANTA CRUZ DE MONTE CASTELO";"Santa Cruz de Monte Castelo";"PR"
"4123402";"SANTA FE";"Santa Fé";"PR"
"4123501";"SANTA HELENA";"Santa Helena";"PR"
"4123600";"SANTA INES";"Santa Inês";"PR"
"4123709";"SANTA ISABEL DO IVAI";"Santa Isabel do Ivaí";"PR"
"4123808";"SANTA IZABEL DO OESTE";"Santa Izabel do Oeste";"PR"
"4123824";"SANTA LUCIA";"Santa Lúcia";"PR"
"4123857";"SANTA MARIA DO OESTE";"Santa Maria do Oeste";"PR"
"4123907";"SANTA MARIANA";"Santa Mariana";"PR"
"4123956";"SANTA MONICA";"Santa Mônica";"PR"
"4124004";"SANTANA DO ITARARE";"Santana do Itararé";"PR"
"4124020";"SANTA TEREZA DO OESTE";"Santa Tereza do Oeste";"PR"
"4124053";"SANTA TEREZINHA DE ITAIPU";"Santa Terezinha de Itaipu";"PR"
"4124103";"SANTO ANTONIO DA PLATINA";"Santo Antônio da Platina";"PR"
"4124202";"SANTO ANTONIO DO CAIUA";"Santo Antônio do Caiuá";"PR"
"4124301";"SANTO ANTONIO DO PARAISO";"Santo Antônio do Paraíso";"PR"
"4124400";"SANTO ANTONIO DO SUDOESTE";"Santo Antônio do Sudoeste";"PR"
"4124509";"SANTO INACIO";"Santo Inácio";"PR"
"4124608";"SAO CARLOS DO IVAI";"São Carlos do Ivaí";"PR"
"4124707";"SAO JERONIMO DA SERRA";"São Jerônimo da Serra";"PR"
"4124806";"SAO JOAO";"São João";"PR"
"4124905";"SAO JOAO DO CAIUA";"São João do Caiuá";"PR"
"4125001";"SAO JOAO DO IVAI";"São João do Ivaí";"PR"
"4125100";"SAO JOAO DO TRIUNFO";"São João do Triunfo";"PR"
"4125209";"SAO JORGE D'OESTE";"São Jorge d'Oeste";"PR"
"4125308";"SAO JORGE DO IVAI";"São Jorge do Ivaí";"PR"
"4125357";"SAO JORGE DO PATROCINIO";"São Jorge do Patrocínio";"PR"
"4125407";"SAO JOSE DA BOA VISTA";"São José da Boa Vista";"PR"
"4125456";"SAO JOSE DAS PALMEIRAS";"São José das Palmeiras";"PR"
"4125506";"SAO JOSE DOS PINHAIS";"São José dos Pinhais";"PR"
"4125555";"SAO MANOEL DO PARANA";"São Manoel do Paraná";"PR"
"4125605";"SAO MATEUS DO SUL";"São Mateus do Sul";"PR"
"4125704";"SAO MIGUEL DO IGUACU";"São Miguel do Iguaçu";"PR"
"4125753";"SAO PEDRO DO IGUACU";"São Pedro do Iguaçu";"PR"
"4125803";"SAO PEDRO DO IVAI";"São Pedro do Ivaí";"PR"
"4125902";"SAO PEDRO DO PARANA";"São Pedro do Paraná";"PR"
"4126009";"SAO SEBASTIAO DA AMOREIRA";"São Sebastião da Amoreira";"PR"
"4126108";"SAO TOME";"São Tomé";"PR"
"4126207";"SAPOPEMA";"Sapopema";"PR"
"4126256";"SARANDI";"Sarandi";"PR"
"4126272";"SAUDADE DO IGUACU";"Saudade do Iguaçu";"PR"
"4126306";"SENGES";"Sengés";"PR"
"4126355";"SERRANOPOLIS DO IGUACU";"Serranópolis do Iguaçu";"PR"
"4126405";"SERTANEJA";"Sertaneja";"PR"
"4126504";"SERTANOPOLIS";"Sertanópolis";"PR"
"4126603";"SIQUEIRA CAMPOS";"Siqueira Campos";"PR"
"4126652";"SULINA";"Sulina";"PR"
"4126678";"TAMARANA";"Tamarana";"PR"
"4126702";"TAMBOARA";"Tamboara";"PR"
"4126801";"TAPEJARA";"Tapejara";"PR"
"4126900";"TAPIRA";"Tapira";"PR"
"4127007";"TEIXEIRA SOARES";"Teixeira Soares";"PR"
"4127106";"TELEMACO BORBA";"Telêmaco Borba";"PR"
"4127205";"TERRA BOA";"Terra Boa";"PR"
"4127304";"TERRA RICA";"Terra Rica";"PR"
"4127403";"TERRA ROXA";"Terra Roxa";"PR"
"4127502";"TIBAGI";"Tibagi";"PR"
"4127601";"TIJUCAS DO SUL";"Tijucas do Sul";"PR"
"4127700";"TOLEDO";"Toledo";"PR"
"5200906";"ANTONIO JOAO";"Antônio João";"MS"
"5201003";"APARECIDA DO TABOADO";"Aparecida do Taboado";"MS"
"5201102";"AQUIDAUANA";"Aquidauana";"MS"
"5201243";"ARAL MOREIRA";"Aral Moreira";"MS"
"5201508";"BANDEIRANTES";"Bandeirantes";"MS"
"5201904";"BATAGUASSU";"Bataguassu";"MS"
"5202001";"BATAYPORA";"Batayporã";"MS"
"5202100";"BELA VISTA";"Bela Vista";"MS"
"5202159";"BODOQUENA";"Bodoquena";"MS"
"5202209";"BONITO";"Bonito";"MS"
"5202308";"BRASILANDIA";"Brasilândia";"MS"
"5202407";"CAARAPO";"Caarapó";"MS"
"5202605";"CAMAPUA";"Camapuã";"MS"
"5202704";"CAMPO GRANDE";"Campo Grande";"MS"
"5202803";"CARACOL";"Caracol";"MS"
"5202902";"CASSILANDIA";"Cassilândia";"MS"
"5202951";"CHAPADAO DO SUL";"Chapadão do Sul";"MS"
"5203108";"CORGUINHO";"Corguinho";"MS"
"5203157";"CORONEL SAPUCAIA";"Coronel Sapucaia";"MS"
"5203207";"CORUMBA";"Corumbá";"MS"
"5203256";"COSTA RICA";"Costa Rica";"MS"
"5203306";"COXIM";"Coxim";"MS"
"5203454";"DEODAPOLIS";"Deodápolis";"MS"
"5203488";"DOIS IRMAOS DO BURITI";"Dois Irmãos do Buriti";"MS"
"5203504";"DOURADINA";"Douradina";"MS"
"5203702";"DOURADOS";"Dourados";"MS"
"5203751";"ELDORADO";"Eldorado";"MS"
"5203801";"FATIMA DO SUL";"Fátima do Sul";"MS"
"5204007";"GLORIA DE DOURADOS";"Glória de Dourados";"MS"
"5204106";"GUIA LOPES DA LAGUNA";"Guia Lopes da Laguna";"MS"
"5204304";"IGUATEMI";"Iguatemi";"MS"
"5204403";"INOCENCIA";"Inocência";"MS"
"5204502";"ITAPORA";"Itaporã";"MS"
"5204601";"ITAQUIRAI";"Itaquiraí";"MS"
"5204700";"IVINHEMA";"Ivinhema";"MS"
"5204809";"JAPORA";"Japorã";"MS"
"5204908";"JARAGUARI";"Jaraguari";"MS"
"5205004";"JARDIM";"Jardim";"MS"
"5205103";"JATEI";"Jateí";"MS"
"5205152";"JUTI";"Juti";"MS"
"5205202";"LADARIO";"Ladário";"MS"
"5205251";"LAGUNA CARAPA";"Laguna Carapã";"MS"
"5205400";"MARACAJU";"Maracaju";"MS"
"5205608";"MIRANDA";"Miranda";"MS"
"5205681";"MUNDO NOVO";"Mundo Novo";"MS"
"5205707";"NAVIRAI";"Naviraí";"MS"
"5205806";"NIOAQUE";"Nioaque";"MS"
"5206002";"NOVA ALVORADA DO SUL";"Nova Alvorada do Sul";"MS"
"5206200";"NOVA ANDRADINA";"Nova Andradina";"MS"
"5206259";"NOVO HORIZONTE DO SUL";"Novo Horizonte do Sul";"MS"
"5206275";"PARAISO DAS AGUAS";"Paraíso das Águas";"MS"
"5206309";"PARANAIBA";"Paranaíba";"MS"
"5206358";"PARANHOS";"Paranhos";"MS"
"5206408";"PEDRO GOMES";"Pedro Gomes";"MS"
"5206606";"PONTA PORA";"Ponta Porã";"MS"
"5206903";"PORTO MURTINHO";"Porto Murtinho";"MS"
"5207109";"RIBAS DO RIO PARDO";"Ribas do Rio Pardo";"MS"
"5207208";"RIO BRILHANTE";"Rio Brilhante";"MS"
"5207307";"RIO NEGRO";"Rio Negro";"MS"
"5207406";"RIO VERDE DE MATO GROSSO";"Rio Verde de Mato Grosso";"MS"
"5207505";"ROCHEDO";"Rochedo";"MS"
"5207554";"SANTA RITA DO PARDO";"Santa Rita do Pardo";"MS"
"5207695";"SAO GABRIEL DO OESTE";"São Gabriel do Oeste";"MS"
"5207703";"SETE QUEDAS";"Sete Quedas";"MS"
"5207802";"SELVIRIA";"Selvíria";"MS"
"5207901";"SIDROLANDIA";"Sidrolândia";"MS"
"5207935";"SONORA";"Sonora";"MS"
"5207950";"TACURU";"Tacuru";"MS"
"5207976";"TAQUARUSSU";"Taquarussu";"MS"
"5208008";"TERENOS";"Terenos";"MS"
"5208305";"TRES LAGOAS";"Três Lagoas";"MS"
"5208404";"VICENTINA";"Vicentina";"MS"
"5300050";"ABADIA DE GOIAS";"Abadia de Goiás";"GO"
"5300100";"ABADIANIA";"Abadiânia";"GO"
"5300134";"ACREUNA";"Acreúna";"GO"
"5300159";"ADELANDIA";"Adelândia";"GO"
"5300175";"AGUA FRIA DE GOIAS";"Água Fria de Goiás";"GO"
"5300209";"AGUA LIMPA";"Água Limpa";"GO"
"5300258";"AGUAS LINDAS DE GOIAS";"Águas Lindas de Goiás";"GO"
"5300308";"ALEXANIA";"Alexânia";"GO"
"5300506";"ALOANDIA";"Aloândia";"GO"
"5300555";"ALTO HORIZONTE";"Alto Horizonte";"GO"
"5300605";"ALTO PARAISO DE GOIAS";"Alto Paraíso de Goiás";"GO"
"5300803";"ALVORADA DO NORTE";"Alvorada do Norte";"GO"
"5300829";"AMARALINA";"Amaralina";"GO"
"5300852";"AMERICANO DO BRASIL";"Americano do Brasil";"GO"
"5300902";"AMORINOPOLIS";"Amorinópolis";"GO"
"5301108";"ANAPOLIS";"Anápolis";"GO"
"5301207";"ANHANGUERA";"Anhanguera";"GO"
"5301306";"ANICUNS";"Anicuns";"GO"
"5301405";"APARECIDA DE GOIANIA";"Aparecida de Goiânia";"GO"
"5301454";"APARECIDA DO RIO DOCE";"Aparecida do Rio Doce";"GO"
"5301504";"APORE";"Aporé";"GO"
"5301603";"ARACU";"Araçu";"GO"
"5301702";"ARAGARCAS";"Aragarças";"GO"
"5301801";"ARAGOIANIA";"Aragoiânia";"GO"
"5302155";"ARAGUAPAZ";"Araguapaz";"GO"
"5302353";"ARENOPOLIS";"Arenópolis";"GO"
"5302502";"ARUANA";"Aruanã";"GO"
"5302601";"AURILANDIA";"Aurilândia";"GO"
"5302809";"AVELINOPOLIS";"Avelinópolis";"GO"
"5303104";"BALIZA";"Baliza";"GO"
"5303203";"BARRO ALTO";"Barro Alto";"GO"
"5303302";"BELA VISTA DE GOIAS";"Bela Vista de Goiás";"GO"
"5303401";"BOM JARDIM DE GOIAS";"Bom Jardim de Goiás";"GO"
"5303500";"BOM JESUS DE GOIAS";"Bom Jesus de Goiás";"GO"
"5303559";"BONFINOPOLIS";"Bonfinópolis";"GO"
"5303575";"BONOPOLIS";"Bonópolis";"GO"
"5303609";"BRAZABRANTES";"Brazabrantes";"GO"
"5303807";"BRITANIA";"Britânia";"GO"
"5303906";"BURITI ALEGRE";"Buriti Alegre";"GO"
"5303939";"BURITI DE GOIAS";"Buriti de Goiás";"GO"
"5303962";"BURITINOPOLIS";"Buritinópolis";"GO"
"5304003";"CABECEIRAS";"Cabeceiras";"GO"
"5304102";"CACHOEIRA ALTA";"Cachoeira Alta";"GO"
"5304201";"CACHOEIRA DE GOIAS";"Cachoeira de Goiás";"GO"
"5304250";"CACHOEIRA DOURADA";"Cachoeira Dourada";"GO"
"5304300";"CACU";"Caçu";"GO"
"5304409";"CAIAPONIA";"Caiapônia";"GO"
"5304508";"CALDAS NOVAS";"Caldas Novas";"GO"
"5304557";"CALDAZINHA";"Caldazinha";"GO"
"5304607";"CAMPESTRE DE GOIAS";"Campestre de Goiás";"GO"
"5304656";"CAMPINACU";"Campinaçu";"GO"
"5304706";"CAMPINORTE";"Campinorte";"GO"
"5304805";"CAMPO ALEGRE DE GOIAS";"Campo Alegre de Goiás";"GO"
"5304854";"CAMPO LIMPO DE GOIAS";"Campo Limpo de Goiás";"GO"
"5304904";"CAMPOS BELOS";"Campos Belos";"GO"
"5304953";"CAMPOS VERDES";"Campos Verdes";"GO"
"5305000";"CARMO DO RIO VERDE";"Carmo do Rio Verde";"GO"
"5305059";"CASTELANDIA";"Castelândia";"GO"
"5305109";"CATALAO";"Catalão";"GO"
"5305208";"CATURAI";"Caturaí";"GO"
"5305307";"CAVALCANTE";"Cavalcante";"GO"
"5305406";"CERES";"Ceres";"GO"
"5305455";"CEZARINA";"Cezarina";"GO"
"5305471";"CHAPADAO DO CEU";"Chapadão do Céu";"GO"
"5305497";"CIDADE OCIDENTAL";"Cidade Ocidental";"GO"
"5305513";"COCALZINHO DE GOIAS";"Cocalzinho de Goiás";"GO"
"5305521";"COLINAS DO SUL";"Colinas do Sul";"GO"
"5305703";"CORREGO DO OURO";"Córrego do Ouro";"GO"
"5305802";"CORUMBA DE GOIAS";"Corumbá de Goiás";"GO"
"5305901";"CORUMBAIBA";"Corumbaíba";"GO"
"5306206";"CRISTALINA";"Cristalina";"GO"
"5306305";"CRISTIANOPOLIS";"Cristianópolis";"GO"
"5306404";"CRIXAS";"Crixás";"GO"
"5306503";"CROMINIA";"Cromínia";"GO"
"5306602";"CUMARI";"Cumari";"GO"
"5306701";"DAMIANOPOLIS";"Damianópolis";"GO"
"5306800";"DAMOLANDIA";"Damolândia";"GO"
"5306909";"DAVINOPOLIS";"Davinópolis";"GO"
"5307105";"DIORAMA";"Diorama";"GO"
"5307253";"DOVERLANDIA";"Doverlândia";"GO"
"5307352";"EDEALINA";"Edealina";"GO"
"5307402";"EDEIA";"Edéia";"GO"
"5307501";"ESTRELA DO NORTE";"Estrela do Norte";"GO"
"5307535";"FAINA";"Faina";"GO"
"5307600";"FAZENDA NOVA";"Fazenda Nova";"GO"
"5307808";"FIRMINOPOLIS";"Firminópolis";"GO"
"5307907";"FLORES DE GOIAS";"Flores de Goiás";"GO"
"5308004";"FORMOSA";"Formosa";"GO"
"5308103";"FORMOSO";"Formoso";"GO"
"5308152";"GAMELEIRA DE GOIAS";"Gameleira de Goiás";"GO"
"5308301";"DIVINOPOLIS DE GOIAS";"Divinópolis de Goiás";"GO"
"5308400";"GOIANAPOLIS";"Goianápolis";"GO"
"5308509";"GOIANDIRA";"Goiandira";"GO"
"5308608";"GOIANESIA";"Goianésia";"GO"
"5308707";"GOIANIA";"Goiânia";"GO"
"5308806";"GOIANIRA";"Goianira";"GO"
"5308905";"GOIAS";"Goiás";"GO"
"5309101";"GOIATUBA";"Goiatuba";"GO"
"5309150";"GOUVELANDIA";"Gouvelândia";"GO"
"5309200";"GUAPO";"Guapó";"GO"
"5309291";"GUARAITA";"Guaraíta";"GO"
"5309408";"GUARANI DE GOIAS";"Guarani de Goiás";"GO"
"5309457";"GUARINOS";"Guarinos";"GO"
"5309606";"HEITORAI";"Heitoraí";"GO"
"5309705";"HIDROLANDIA";"Hidrolândia";"GO"
"5309804";"HIDROLINA";"Hidrolina";"GO"
"5309903";"IACIARA";"Iaciara";"GO"
"4300604";"ALVORADA";"Alvorada";"RS"
"4300638";"AMARAL FERRADOR";"Amaral Ferrador";"RS"
"4300646";"AMETISTA DO SUL";"Ametista do Sul";"RS"
"4300661";"ANDRE DA ROCHA";"André da Rocha";"RS"
"4300703";"ANTA GORDA";"Anta Gorda";"RS"
"4300802";"ANTONIO PRADO";"Antônio Prado";"RS"
"4300851";"ARAMBARE";"Arambaré";"RS"
"4300877";"ARARICA";"Araricá";"RS"
"4300901";"ARATIBA";"Aratiba";"RS"
"4301008";"ARROIO DO MEIO";"Arroio do Meio";"RS"
"4301057";"ARROIO DO SAL";"Arroio do Sal";"RS"
"4301073";"ARROIO DO PADRE";"Arroio do Padre";"RS"
"4301107";"ARROIO DOS RATOS";"Arroio dos Ratos";"RS"
"4301206";"ARROIO DO TIGRE";"Arroio do Tigre";"RS"
"4301305";"ARROIO GRANDE";"Arroio Grande";"RS"
"4301404";"ARVOREZINHA";"Arvorezinha";"RS"
"4301503";"AUGUSTO PESTANA";"Augusto Pestana";"RS"
"4301552";"AUREA";"Áurea";"RS"
"4301602";"BAGE";"Bagé";"RS"
"4301636";"BALNEARIO PINHAL";"Balneário Pinhal";"RS"
"4301651";"BARAO";"Barão";"RS"
"4301701";"BARAO DE COTEGIPE";"Barão de Cotegipe";"RS"
"4301750";"BARAO DO TRIUNFO";"Barão do Triunfo";"RS"
"4301800";"BARRACAO";"Barracão";"RS"
"4301859";"BARRA DO GUARITA";"Barra do Guarita";"RS"
"4301875";"BARRA DO QUARAI";"Barra do Quaraí";"RS"
"4301909";"BARRA DO RIBEIRO";"Barra do Ribeiro";"RS"
"4301925";"BARRA DO RIO AZUL";"Barra do Rio Azul";"RS"
"4301958";"BARRA FUNDA";"Barra Funda";"RS"
"4302006";"BARROS CASSAL";"Barros Cassal";"RS"
"4302055";"BENJAMIN CONSTANT DO SUL";"Benjamin Constant do Sul";"RS"
"4302105";"BENTO GONCALVES";"Bento Gonçalves";"RS"
"4302154";"BOA VISTA DAS MISSOES";"Boa Vista das Missões";"RS"
"4302204";"BOA VISTA DO BURICA";"Boa Vista do Buricá";"RS"
"4302220";"BOA VISTA DO CADEADO";"Boa Vista do Cadeado";"RS"
"4302238";"BOA VISTA DO INCRA";"Boa Vista do Incra";"RS"
"4302253";"BOA VISTA DO SUL";"Boa Vista do Sul";"RS"
"4302303";"BOM JESUS";"Bom Jesus";"RS"
"4302352";"BOM PRINCIPIO";"Bom Princípio";"RS"
"4302378";"BOM PROGRESSO";"Bom Progresso";"RS"
"4302402";"BOM RETIRO DO SUL";"Bom Retiro do Sul";"RS"
"4302451";"BOQUEIRAO DO LEAO";"Boqueirão do Leão";"RS"
"4302501";"BOSSOROCA";"Bossoroca";"RS"
"4302584";"BOZANO";"Bozano";"RS"
"4302600";"BRAGA";"Braga";"RS"
"4302659";"BROCHIER";"Brochier";"RS"
"4302709";"BUTIA";"Butiá";"RS"
"4302808";"CACAPAVA DO SUL";"Caçapava do Sul";"RS"
"4302907";"CACEQUI";"Cacequi";"RS"
"4303004";"CACHOEIRA DO SUL";"Cachoeira do Sul";"RS"
"4303103";"CACHOEIRINHA";"Cachoeirinha";"RS"
"4303202";"CACIQUE DOBLE";"Cacique Doble";"RS"
"4303301";"CAIBATE";"Caibaté";"RS"
"4303400";"CAICARA";"Caiçara";"RS"
"4303509";"CAMAQUA";"Camaquã";"RS"
"4303558";"CAMARGO";"Camargo";"RS"
"4303608";"CAMBARA DO SUL";"Cambará do Sul";"RS"
"4303673";"CAMPESTRE DA SERRA";"Campestre da Serra";"RS"
"4303707";"CAMPINA DAS MISSOES";"Campina das Missões";"RS"
"4303806";"CAMPINAS DO SUL";"Campinas do Sul";"RS"
"4303905";"CAMPO BOM";"Campo Bom";"RS"
"4304002";"CAMPO NOVO";"Campo Novo";"RS"
"4304101";"CAMPOS BORGES";"Campos Borges";"RS"
"4304200";"CANDELARIA";"Candelária";"RS"
"4304309";"CANDIDO GODOI";"Cândido Godói";"RS"
"4304358";"CANDIOTA";"Candiota";"RS"
"4304408";"CANELA";"Canela";"RS"
"4304507";"CANGUCU";"Canguçu";"RS"
"4304606";"CANOAS";"Canoas";"RS"
"4304614";"CANUDOS DO VALE";"Canudos do Vale";"RS"
"4304622";"CAPAO BONITO DO SUL";"Capão Bonito do Sul";"RS"
"4304630";"CAPAO DA CANOA";"Capão da Canoa";"RS"
"4304655";"CAPAO DO CIPO";"Capão do Cipó";"RS"
"4304663";"CAPAO DO LEAO";"Capão do Leão";"RS"
"4304671";"CAPIVARI DO SUL";"Capivari do Sul";"RS"
"4304689";"CAPELA DE SANTANA";"Capela de Santana";"RS"
"4304697";"CAPITAO";"Capitão";"RS"
"4304705";"CARAZINHO";"Carazinho";"RS"
"4304713";"CARAA";"Caraá";"RS"
"4304804";"CARLOS BARBOSA";"Carlos Barbosa";"RS"
"4304853";"CARLOS GOMES";"Carlos Gomes";"RS"
"4304903";"CASCA";"Casca";"RS"
"4304952";"CASEIROS";"Caseiros";"RS"
"4305009";"CATUIPE";"Catuípe";"RS"
"4305108";"CAXIAS DO SUL";"Caxias do Sul";"RS"
"4305116";"CENTENARIO";"Centenário";"RS"
"4305124";"CERRITO";"Cerrito";"RS"
"4305132";"CERRO BRANCO";"Cerro Branco";"RS"
"4305157";"CERRO GRANDE";"Cerro Grande";"RS"
"4305173";"CERRO GRANDE DO SUL";"Cerro Grande do Sul";"RS"
"4305207";"CERRO LARGO";"Cerro Largo";"RS"
"4305306";"CHAPADA";"Chapada";"RS"
"4305355";"CHARQUEADAS";"Charqueadas";"RS"
"4305371";"CHARRUA";"Charrua";"RS"
"4305405";"CHIAPETTA";"Chiapetta";"RS"
"4305439";"CHUI";"Chuí";"RS"
"4305447";"CHUVISCA";"Chuvisca";"RS"
"4305454";"CIDREIRA";"Cidreira";"RS"
"4305504";"CIRIACO";"Ciríaco";"RS"
"4305587";"COLINAS";"Colinas";"RS"
"4305603";"COLORADO";"Colorado";"RS"
"4305702";"CONDOR";"Condor";"RS"
"4305801";"CONSTANTINA";"Constantina";"RS"
"4305835";"COQUEIRO BAIXO";"Coqueiro Baixo";"RS"
"4305850";"COQUEIROS DO SUL";"Coqueiros do Sul";"RS"
"4305871";"CORONEL BARROS";"Coronel Barros";"RS"
"4305900";"CORONEL BICACO";"Coronel Bicaco";"RS"
"4305934";"CORONEL PILAR";"Coronel Pilar";"RS"
"4305959";"COTIPORA";"Cotiporã";"RS"
"4305975";"COXILHA";"Coxilha";"RS"
"4306007";"CRISSIUMAL";"Crissiumal";"RS"
"4306056";"CRISTAL";"Cristal";"RS"
"4306072";"CRISTAL DO SUL";"Cristal do Sul";"RS"
"4306106";"CRUZ ALTA";"Cruz Alta";"RS"
"4306130";"CRUZALTENSE";"Cruzaltense";"RS"
"4306205";"CRUZEIRO DO SUL";"Cruzeiro do Sul";"RS"
"4306304";"DAVID CANABARRO";"David Canabarro";"RS"
"4306320";"DERRUBADAS";"Derrubadas";"RS"
"4306353";"DEZESSEIS DE NOVEMBRO";"Dezesseis de Novembro";"RS"
"4306379";"DILERMANDO DE AGUIAR";"Dilermando de Aguiar";"RS"
"4306403";"DOIS IRMAOS";"Dois Irmãos";"RS"
"4306429";"DOIS IRMAOS DAS MISSOES";"Dois Irmãos das Missões";"RS"
"4306452";"DOIS LAJEADOS";"Dois Lajeados";"RS"
"3449409";"SAO JOAQUIM DA BARRA";"São Joaquim da Barra";"SP"
"3449508";"SAO JOSE DA BELA VISTA";"São José da Bela Vista";"SP"
"3449607";"SAO JOSE DO BARREIRO";"São José do Barreiro";"SP"
"3449706";"SAO JOSE DO RIO PARDO";"São José do Rio Pardo";"SP"
"3449805";"SAO JOSE DO RIO PRETO";"São José do Rio Preto";"SP"
"3449904";"SAO JOSE DOS CAMPOS";"São José dos Campos";"SP"
"3449953";"SAO LOURENCO DA SERRA";"São Lourenço da Serra";"SP"
"3450001";"SAO LUIS DO PARAITINGA";"São Luís do Paraitinga";"SP"
"3450100";"SAO MANUEL";"São Manuel";"SP"
"3450209";"SAO MIGUEL ARCANJO";"São Miguel Arcanjo";"SP"
"3450308";"SAO PAULO";"São Paulo";"SP"
"3450407";"SAO PEDRO";"São Pedro";"SP"
"3450506";"SAO PEDRO DO TURVO";"São Pedro do Turvo";"SP"
"3450605";"SAO ROQUE";"São Roque";"SP"
"3450704";"SAO SEBASTIAO";"São Sebastião";"SP"
"3450803";"SAO SEBASTIAO DA GRAMA";"São Sebastião da Grama";"SP"
"3450902";"SAO SIMAO";"São Simão";"SP"
"3451009";"SAO VICENTE";"São Vicente";"SP"
"3451108";"SARAPUI";"Sarapuí";"SP"
"3451207";"SARUTAIA";"Sarutaiá";"SP"
"3451306";"SEBASTIANOPOLIS DO SUL";"Sebastianópolis do Sul";"SP"
"3451405";"SERRA AZUL";"Serra Azul";"SP"
"3451504";"SERRANA";"Serrana";"SP"
"3451603";"SERRA NEGRA";"Serra Negra";"SP"
"3451702";"SERTAOZINHO";"Sertãozinho";"SP"
"3451801";"SETE BARRAS";"Sete Barras";"SP"
"3451900";"SEVERINIA";"Severínia";"SP"
"3452007";"SILVEIRAS";"Silveiras";"SP"
"3452106";"SOCORRO";"Socorro";"SP"
"3452205";"SOROCABA";"Sorocaba";"SP"
"3452304";"SUD MENNUCCI";"Sud Mennucci";"SP"
"3452403";"SUMARE";"Sumaré";"SP"
"3452502";"SUZANO";"Suzano";"SP"
"3452551";"SUZANAPOLIS";"Suzanápolis";"SP"
"3452601";"TABAPUA";"Tabapuã";"SP"
"3452700";"TABATINGA";"Tabatinga";"SP"
"3452809";"TABOAO DA SERRA";"Taboão da Serra";"SP"
"3452908";"TACIBA";"Taciba";"SP"
"3453005";"TAGUAI";"Taguaí";"SP"
"3453104";"TAIACU";"Taiaçu";"SP"
"3453203";"TAIUVA";"Taiúva";"SP"
"3453302";"TAMBAU";"Tambaú";"SP"
"3453401";"TANABI";"Tanabi";"SP"
"3453500";"TAPIRAI";"Tapiraí";"SP"
"3453609";"TAPIRATIBA";"Tapiratiba";"SP"
"3453658";"TAQUARAL";"Taquaral";"SP"
"3453708";"TAQUARITINGA";"Taquaritinga";"SP"
"3453807";"TAQUARITUBA";"Taquarituba";"SP"
"3453856";"TAQUARIVAI";"Taquarivaí";"SP"
"3453906";"TARABAI";"Tarabai";"SP"
"3453955";"TARUMA";"Tarumã";"SP"
"3454003";"TATUI";"Tatuí";"SP"
"3454102";"TAUBATE";"Taubaté";"SP"
"3454201";"TEJUPA";"Tejupá";"SP"
"3454300";"TEODORO SAMPAIO";"Teodoro Sampaio";"SP"
"3454409";"TERRA ROXA";"Terra Roxa";"SP"
"3454508";"TIETE";"Tietê";"SP"
"3454607";"TIMBURI";"Timburi";"SP"
"3454656";"TORRE DE PEDRA";"Torre de Pedra";"SP"
"3454706";"TORRINHA";"Torrinha";"SP"
"3454755";"TRABIJU";"Trabiju";"SP"
"3454805";"TREMEMBE";"Tremembé";"SP"
"3454904";"TRES FRONTEIRAS";"Três Fronteiras";"SP"
"3454953";"TUIUTI";"Tuiuti";"SP"
"3455000";"TUPA";"Tupã";"SP"
"3455109";"TUPI PAULISTA";"Tupi Paulista";"SP"
"3455208";"TURIUBA";"Turiúba";"SP"
"3455307";"TURMALINA";"Turmalina";"SP"
"3455356";"UBARANA";"Ubarana";"SP"
"3455406";"UBATUBA";"Ubatuba";"SP"
"3455505";"UBIRAJARA";"Ubirajara";"SP"
"3455604";"UCHOA";"Uchoa";"SP"
"3455703";"UNIAO PAULISTA";"União Paulista";"SP"
"3455802";"URANIA";"Urânia";"SP"
"3455901";"URU";"Uru";"SP"
"3456008";"URUPES";"Urupês";"SP"
"3456107";"VALENTIM GENTIL";"Valentim Gentil";"SP"
"3456206";"VALINHOS";"Valinhos";"SP"
"3456305";"VALPARAISO";"Valparaíso";"SP"
"3456354";"VARGEM";"Vargem";"SP"
"3456404";"VARGEM GRANDE DO SUL";"Vargem Grande do Sul";"SP"
"3456453";"VARGEM GRANDE PAULISTA";"Vargem Grande Paulista";"SP"
"3456503";"VARZEA PAULISTA";"Várzea Paulista";"SP"
"3456602";"VERA CRUZ";"Vera Cruz";"SP"
"3456701";"VINHEDO";"Vinhedo";"SP"
"3456800";"VIRADOURO";"Viradouro";"SP"
"3456909";"VISTA ALEGRE DO ALTO";"Vista Alegre do Alto";"SP"
"3456958";"VITORIA BRASIL";"Vitória Brasil";"SP"
"3457006";"VOTORANTIM";"Votorantim";"SP"
"3457105";"VOTUPORANGA";"Votuporanga";"SP"
"3457154";"ZACARIAS";"Zacarias";"SP"
"3457204";"CHAVANTES";"Chavantes";"SP"
"3457303";"ESTIVA GERBI";"Estiva Gerbi";"SP"
"4100103";"ABATIA";"Abatiá";"PR"
"4100202";"ADRIANOPOLIS";"Adrianópolis";"PR"
"4100301";"AGUDOS DO SUL";"Agudos do Sul";"PR"
"4100400";"ALMIRANTE TAMANDARE";"Almirante Tamandaré";"PR"
"4100459";"ALTAMIRA DO PARANA";"Altamira do Paraná";"PR"
"4100509";"ALTONIA";"Altônia";"PR"
"4100608";"ALTO PARANA";"Alto Paraná";"PR"
"4100707";"ALTO PIQUIRI";"Alto Piquiri";"PR"
"4100806";"ALVORADA DO SUL";"Alvorada do Sul";"PR"
"4100905";"AMAPORA";"Amaporã";"PR"
"4101002";"AMPERE";"Ampére";"PR"
"4101051";"ANAHY";"Anahy";"PR"
"4101101";"ANDIRA";"Andirá";"PR"
"4101150";"ANGULO";"Ângulo";"PR"
"4101200";"ANTONINA";"Antonina";"PR"
"4101309";"ANTONIO OLINTO";"Antônio Olinto";"PR"
"4101408";"APUCARANA";"Apucarana";"PR"
"4101507";"ARAPONGAS";"Arapongas";"PR"
"4101606";"ARAPOTI";"Arapoti";"PR"
"4101655";"ARAPUA";"Arapuã";"PR"
"4101705";"ARARUNA";"Araruna";"PR"
"4101804";"ARAUCARIA";"Araucária";"PR"
"4101853";"ARIRANHA DO IVAI";"Ariranha do Ivaí";"PR"
"4101903";"ASSAI";"Assaí";"PR"
"4102000";"ASSIS CHATEAUBRIAND";"Assis Chateaubriand";"PR"
"4102109";"ASTORGA";"Astorga";"PR"
"4102208";"ATALAIA";"Atalaia";"PR"
"4102307";"BALSA NOVA";"Balsa Nova";"PR"
"4102406";"BANDEIRANTES";"Bandeirantes";"PR"
"4102505";"BARBOSA FERRAZ";"Barbosa Ferraz";"PR"
"4102604";"BARRACAO";"Barracão";"PR"
"4102703";"BARRA DO JACARE";"Barra do Jacaré";"PR"
"4102752";"BELA VISTA DA CAROBA";"Bela Vista da Caroba";"PR"
"4102802";"BELA VISTA DO PARAISO";"Bela Vista do Paraíso";"PR"
"4102901";"BITURUNA";"Bituruna";"PR"
"4103008";"BOA ESPERANCA";"Boa Esperança";"PR"
"4103024";"BOA ESPERANCA DO IGUACU";"Boa Esperança do Iguaçu";"PR"
"5309937";"INACIOLANDIA";"Inaciolândia";"GO"
"5309952";"INDIARA";"Indiara";"GO"
"5310000";"INHUMAS";"Inhumas";"GO"
"5310109";"IPAMERI";"Ipameri";"GO"
"5310158";"IPIRANGA DE GOIAS";"Ipiranga de Goiás";"GO"
"5310208";"IPORA";"Iporá";"GO"
"5310307";"ISRAELANDIA";"Israelândia";"GO"
"5310406";"ITABERAI";"Itaberaí";"GO"
"5310562";"ITAGUARI";"Itaguari";"GO"
"5310604";"ITAGUARU";"Itaguaru";"GO"
"5310802";"ITAJA";"Itajá";"GO"
"5310901";"ITAPACI";"Itapaci";"GO"
"5311008";"ITAPIRAPUA";"Itapirapuã";"GO"
"5311206";"ITAPURANGA";"Itapuranga";"GO"
"5311305";"ITARUMA";"Itarumã";"GO"
"5311404";"ITAUCU";"Itauçu";"GO"
"5311503";"ITUMBIARA";"Itumbiara";"GO"
"5311602";"IVOLANDIA";"Ivolândia";"GO"
"5311701";"JANDAIA";"Jandaia";"GO"
"5311800";"JARAGUA";"Jaraguá";"GO"
"5311909";"JATAI";"Jataí";"GO"
"5312006";"JAUPACI";"Jaupaci";"GO"
"5312055";"JESUPOLIS";"Jesúpolis";"GO"
"5312105";"JOVIANIA";"Joviânia";"GO"
"5312204";"JUSSARA";"Jussara";"GO"
"5312253";"LAGOA SANTA";"Lagoa Santa";"GO"
"5312303";"LEOPOLDO DE BULHOES";"Leopoldo de Bulhões";"GO"
"5312501";"LUZIANIA";"Luziânia";"GO"
"5312600";"MAIRIPOTABA";"Mairipotaba";"GO"
"5312709";"MAMBAI";"Mambaí";"GO"
"5312808";"MARA ROSA";"Mara Rosa";"GO"
"5312907";"MARZAGAO";"Marzagão";"GO"
"5312956";"MATRINCHA";"Matrinchã";"GO"
"5313004";"MAURILANDIA";"Maurilândia";"GO"
"5313053";"MIMOSO DE GOIAS";"Mimoso de Goiás";"GO"
"5313087";"MINACU";"Minaçu";"GO"
"5313103";"MINEIROS";"Mineiros";"GO"
"5313400";"MOIPORA";"Moiporá";"GO"
"5313509";"MONTE ALEGRE DE GOIAS";"Monte Alegre de Goiás";"GO"
"5313707";"MONTES CLAROS DE GOIAS";"Montes Claros de Goiás";"GO"
"5313756";"MONTIVIDIU";"Montividiu";"GO"
"5313772";"MONTIVIDIU DO NORTE";"Montividiu do Norte";"GO"
"5313806";"MORRINHOS";"Morrinhos";"GO"
"5313855";"MORRO AGUDO DE GOIAS";"Morro Agudo de Goiás";"GO"
"5313905";"MOSSAMEDES";"Mossâmedes";"GO"
"5314002";"MOZARLANDIA";"Mozarlândia";"GO"
"5314051";"MUNDO NOVO";"Mundo Novo";"GO"
"5314101";"MUTUNOPOLIS";"Mutunópolis";"GO"
"5314408";"NAZARIO";"Nazário";"GO"
"5314507";"NEROPOLIS";"Nerópolis";"GO"
"5314606";"NIQUELANDIA";"Niquelândia";"GO"
"5314705";"NOVA AMERICA";"Nova América";"GO"
"5314804";"NOVA AURORA";"Nova Aurora";"GO"
"5314838";"NOVA CRIXAS";"Nova Crixás";"GO"
"5314861";"NOVA GLORIA";"Nova Glória";"GO"
"5314879";"NOVA IGUACU DE GOIAS";"Nova Iguaçu de Goiás";"GO"
"5314903";"NOVA ROMA";"Nova Roma";"GO"
"5315009";"NOVA VENEZA";"Nova Veneza";"GO"
"5315207";"NOVO BRASIL";"Novo Brasil";"GO"
"5315231";"NOVO GAMA";"Novo Gama";"GO"
"5315256";"NOVO PLANALTO";"Novo Planalto";"GO"
"5315306";"ORIZONA";"Orizona";"GO"
"5315405";"OURO VERDE DE GOIAS";"Ouro Verde de Goiás";"GO"
"5315504";"OUVIDOR";"Ouvidor";"GO"
"5315603";"PADRE BERNARDO";"Padre Bernardo";"GO"
"5315652";"PALESTINA DE GOIAS";"Palestina de Goiás";"GO"
"5315702";"PALMEIRAS DE GOIAS";"Palmeiras de Goiás";"GO"
"5315801";"PALMELO";"Palmelo";"GO"
"5315900";"PALMINOPOLIS";"Palminópolis";"GO"
"5316007";"PANAMA";"Panamá";"GO"
"5316304";"PARANAIGUARA";"Paranaiguara";"GO"
"5316403";"PARAUNA";"Paraúna";"GO"
"5316452";"PEROLANDIA";"Perolândia";"GO"
"5316809";"PETROLINA DE GOIAS";"Petrolina de Goiás";"GO"
"5316908";"PILAR DE GOIAS";"Pilar de Goiás";"GO"
"5317104";"PIRACANJUBA";"Piracanjuba";"GO"
"5317203";"PIRANHAS";"Piranhas";"GO"
"5317302";"PIRENOPOLIS";"Pirenópolis";"GO"
"5317401";"PIRES DO RIO";"Pires do Rio";"GO"
"5317609";"PLANALTINA";"Planaltina";"GO"
"5317708";"PONTALINA";"Pontalina";"GO"
"5318003";"PORANGATU";"Porangatu";"GO"
"5318052";"PORTEIRAO";"Porteirão";"GO"
"5318102";"PORTELANDIA";"Portelândia";"GO"
"5318300";"POSSE";"Posse";"GO"
"5318391";"PROFESSOR JAMIL";"Professor Jamil";"GO"
"5318508";"QUIRINOPOLIS";"Quirinópolis";"GO"
"5318607";"RIALMA";"Rialma";"GO"
"5318706";"RIANAPOLIS";"Rianápolis";"GO"
"5318789";"RIO QUENTE";"Rio Quente";"GO"
"5318805";"RIO VERDE";"Rio Verde";"GO"
"5318904";"RUBIATABA";"Rubiataba";"GO"
"5319001";"SANCLERLANDIA";"Sanclerlândia";"GO"
"5319100";"SANTA BARBARA DE GOIAS";"Santa Bárbara de Goiás";"GO"
"5319209";"SANTA CRUZ DE GOIAS";"Santa Cruz de Goiás";"GO"
"5319258";"SANTA FE DE GOIAS";"Santa Fé de Goiás";"GO"
"5319308";"SANTA HELENA DE GOIAS";"Santa Helena de Goiás";"GO"
"5319357";"SANTA ISABEL";"Santa Isabel";"GO"
"5319407";"SANTA RITA DO ARAGUAIA";"Santa Rita do Araguaia";"GO"
"5319456";"SANTA RITA DO NOVO DESTINO";"Santa Rita do Novo Destino";"GO"
"5319506";"SANTA ROSA DE GOIAS";"Santa Rosa de Goiás";"GO"
"5319605";"SANTA TEREZA DE GOIAS";"Santa Tereza de Goiás";"GO"
"5319704";"SANTA TEREZINHA DE GOIAS";"Santa Terezinha de Goiás";"GO"
"5319712";"SANTO ANTONIO DA BARRA";"Santo Antônio da Barra";"GO"
"5319738";"SANTO ANTONIO DE GOIAS";"Santo Antônio de Goiás";"GO"
"5319753";"SANTO ANTONIO DO DESCOBERTO";"Santo Antônio do Descoberto";"GO"
"5319803";"SAO DOMINGOS";"São Domingos";"GO"
"5319902";"SAO FRANCISCO DE GOIAS";"São Francisco de Goiás";"GO"
"5320009";"SAO JOAO D'ALIANCA";"São João d'Aliança";"GO"
"5320058";"SAO JOAO DA PARAUNA";"São João da Paraúna";"GO"
"5320108";"SAO LUIS DE MONTES BELOS";"São Luís de Montes Belos";"GO"
"5320157";"SAO LUIZ DO NORTE";"São Luíz do Norte";"GO"
"5320207";"SAO MIGUEL DO ARAGUAIA";"São Miguel do Araguaia";"GO"
"5320264";"SAO MIGUEL DO PASSA QUATRO";"São Miguel do Passa Quatro";"GO"
"5320280";"SAO PATRICIO";"São Patrício";"GO"
"5320405";"SAO SIMAO";"São Simão";"GO"
"5320454";"SENADOR CANEDO";"Senador Canedo";"GO"
"5320504";"SERRANOPOLIS";"Serranópolis";"GO"
"5320603";"SILVANIA";"Silvânia";"GO"
"5320686";"SIMOLANDIA";"Simolândia";"GO"
"5320702";"SITIO D'ABADIA";"Sítio d'Abadia";"GO"
"5321007";"TAQUARAL DE GOIAS";"Taquaral de Goiás";"GO"
"5321080";"TERESINA DE GOIAS";"Teresina de Goiás";"GO"
"5321197";"TEREZOPOLIS DE GOIAS";"Terezópolis de Goiás";"GO"
"5321304";"TRES RANCHOS";"Três Ranchos";"GO"
"5321403";"TRINDADE";"Trindade";"GO"
"5321452";"TROMBAS";"Trombas";"GO"
"5321502";"TURVANIA";"Turvânia";"GO"
"5321551";"TURVELANDIA";"Turvelândia";"GO"
"5321577";"UIRAPURU";"Uirapuru";"GO"
"5321601";"URUACU";"Uruaçu";"GO"
"5321700";"URUANA";"Uruana";"GO"
"5321809";"URUTAI";"Urutaí";"GO"
"5321858";"VALPARAISO DE GOIAS";"Valparaíso de Goiás";"GO"
"5321908";"VARJAO";"Varjão";"GO"
"5322005";"VIANOPOLIS";"Vianópolis";"GO"
"5322054";"VICENTINOPOLIS";"Vicentinópolis";"GO"
"5322203";"VILA BOA";"Vila Boa";"GO"
"5322302";"VILA PROPICIO";"Vila Propício";"GO"
"9300000";"EXTERIOR";"Exterior";"EX"
"5400108";"BRASILIA";"Brasília";"DF"
"5104526";"IPIRANGA DO NORTE";"Ipiranga do Norte";"MT"
"9999999";"NAO DECLARADO";"Município Não Declarado";"ND"
"3408306";"CABRALIA PAULISTA";"Cabrália Paulista";"SP"
"3408405";"CABREUVA";"Cabreúva";"SP"
"3408504";"CACAPAVA";"Caçapava";"SP"
"3408603";"CACHOEIRA PAULISTA";"Cachoeira Paulista";"SP"
"3408702";"CACONDE";"Caconde";"SP"
"3408801";"CAFELANDIA";"Cafelândia";"SP"
"3408900";"CAIABU";"Caiabu";"SP"
"3409007";"CAIEIRAS";"Caieiras";"SP"
"3409106";"CAIUA";"Caiuá";"SP"
"3409205";"CAJAMAR";"Cajamar";"SP"
"3409254";"CAJATI";"Cajati";"SP"
"3409304";"CAJOBI";"Cajobi";"SP"
"3409403";"CAJURU";"Cajuru";"SP"
"3409452";"CAMPINA DO MONTE ALEGRE";"Campina do Monte Alegre";"SP"
"3409502";"CAMPINAS";"Campinas";"SP"
"3409601";"CAMPO LIMPO PAULISTA";"Campo Limpo Paulista";"SP"
"3409700";"CAMPOS DO JORDAO";"Campos do Jordão";"SP"
"3409809";"CAMPOS NOVOS PAULISTA";"Campos Novos Paulista";"SP"
"3409908";"CANANEIA";"Cananéia";"SP"
"3409957";"CANAS";"Canas";"SP"
"3410005";"CANDIDO MOTA";"Cândido Mota";"SP"
"3410104";"CANDIDO RODRIGUES";"Cândido Rodrigues";"SP"
"3410153";"CANITAR";"Canitar";"SP"
"3410203";"CAPAO BONITO";"Capão Bonito";"SP"
"3410302";"CAPELA DO ALTO";"Capela do Alto";"SP"
"3410401";"CAPIVARI";"Capivari";"SP"
"3410500";"CARAGUATATUBA";"Caraguatatuba";"SP"
"3410609";"CARAPICUIBA";"Carapicuíba";"SP"
"3410708";"CARDOSO";"Cardoso";"SP"
"3410807";"CASA BRANCA";"Casa Branca";"SP"
"3410906";"CASSIA DOS COQUEIROS";"Cássia dos Coqueiros";"SP"
"3411003";"CASTILHO";"Castilho";"SP"
"3411102";"CATANDUVA";"Catanduva";"SP"
"3411201";"CATIGUA";"Catiguá";"SP"
"3411300";"CEDRAL";"Cedral";"SP"
"3411409";"CERQUEIRA CESAR";"Cerqueira César";"SP"
"3411508";"CERQUILHO";"Cerquilho";"SP"
"3411607";"CESARIO LANGE";"Cesário Lange";"SP"
"3411706";"CHARQUEADA";"Charqueada";"SP"
"3411904";"CLEMENTINA";"Clementina";"SP"
"3412001";"COLINA";"Colina";"SP"
"3412100";"COLOMBIA";"Colômbia";"SP"
"3412209";"CONCHAL";"Conchal";"SP"
"3412308";"CONCHAS";"Conchas";"SP"
"3412407";"CORDEIROPOLIS";"Cordeirópolis";"SP"
"3412506";"COROADOS";"Coroados";"SP"
"3412605";"CORONEL MACEDO";"Coronel Macedo";"SP"
"3412704";"CORUMBATAI";"Corumbataí";"SP"
"3412803";"COSMOPOLIS";"Cosmópolis";"SP"
"3412902";"COSMORAMA";"Cosmorama";"SP"
"3413009";"COTIA";"Cotia";"SP"
"3413108";"CRAVINHOS";"Cravinhos";"SP"
"3413207";"CRISTAIS PAULISTA";"Cristais Paulista";"SP"
"3413306";"CRUZALIA";"Cruzália";"SP"
"3413405";"CRUZEIRO";"Cruzeiro";"SP"
"3413504";"CUBATAO";"Cubatão";"SP"
"3413603";"CUNHA";"Cunha";"SP"
"3413702";"DESCALVADO";"Descalvado";"SP"
"3413801";"DIADEMA";"Diadema";"SP"
"3413850";"DIRCE REIS";"Dirce Reis";"SP"
"3413900";"DIVINOLANDIA";"Divinolândia";"SP"
"3414007";"DOBRADA";"Dobrada";"SP"
"3414106";"DOIS CORREGOS";"Dois Córregos";"SP"
"3414205";"DOLCINOPOLIS";"Dolcinópolis";"SP"
"3414304";"DOURADO";"Dourado";"SP"
"3414403";"DRACENA";"Dracena";"SP"
"3414502";"DUARTINA";"Duartina";"SP"
"3414601";"DUMONT";"Dumont";"SP"
"3414700";"ECHAPORA";"Echaporã";"SP"
"3414809";"ELDORADO";"Eldorado";"SP"
"3414908";"ELIAS FAUSTO";"Elias Fausto";"SP"
"3414924";"ELISIARIO";"Elisiário";"SP"
"3414957";"EMBAUBA";"Embaúba";"SP"
"3415004";"EMBU";"Embu";"SP"
"3415103";"EMBU-GUACU";"Embu-Guaçu";"SP"
"3415129";"EMILIANOPOLIS";"Emilianópolis";"SP"
"3415152";"ENGENHEIRO COELHO";"Engenheiro Coelho";"SP"
"3415186";"ESPIRITO SANTO DO PINHAL";"Espírito Santo do Pinhal";"SP"
"3415194";"ESPIRITO SANTO DO TURVO";"Espírito Santo do Turvo";"SP"
"3415202";"ESTRELA D'OESTE";"Estrela d'Oeste";"SP"
"3415301";"ESTRELA DO NORTE";"Estrela do Norte";"SP"
"3415350";"EUCLIDES DA CUNHA PAULISTA";"Euclides da Cunha Paulista";"SP"
"3415400";"FARTURA";"Fartura";"SP"
"3415509";"FERNANDOPOLIS";"Fernandópolis";"SP"
"3415608";"FERNANDO PRESTES";"Fernando Prestes";"SP"
"3415657";"FERNAO";"Fernão";"SP"
"3415707";"FERRAZ DE VASCONCELOS";"Ferraz de Vasconcelos";"SP"
"3415806";"FLORA RICA";"Flora Rica";"SP"
"3415905";"FLOREAL";"Floreal";"SP"
"3416002";"FLORIDA PAULISTA";"Flórida Paulista";"SP"
"3416101";"FLORINIA";"Florínia";"SP"
"3416200";"FRANCA";"Franca";"SP"
"3416309";"FRANCISCO MORATO";"Francisco Morato";"SP"
"3416408";"FRANCO DA ROCHA";"Franco da Rocha";"SP"
"3416507";"GABRIEL MONTEIRO";"Gabriel Monteiro";"SP"
"3416606";"GALIA";"Gália";"SP"
"3416705";"GARCA";"Garça";"SP"
"3416804";"GASTAO VIDIGAL";"Gastão Vidigal";"SP"
"3416853";"GAVIAO PEIXOTO";"Gavião Peixoto";"SP"
"3416903";"GENERAL SALGADO";"General Salgado";"SP"
"3417000";"GETULINA";"Getulina";"SP"
"3417109";"GLICERIO";"Glicério";"SP"
"3417208";"GUAICARA";"Guaiçara";"SP"
"3417307";"GUAIMBE";"Guaimbê";"SP"
"3417406";"GUAIRA";"Guaíra";"SP"
"3417505";"GUAPIACU";"Guapiaçu";"SP"
"3417604";"GUAPIARA";"Guapiara";"SP"
"3417703";"GUARA";"Guará";"SP"
"3417802";"GUARACAI";"Guaraçaí";"SP"
"3417901";"GUARACI";"Guaraci";"SP"
"3418008";"GUARANI D'OESTE";"Guarani d'Oeste";"SP"
"3418107";"GUARANTA";"Guarantã";"SP"
"3418206";"GUARARAPES";"Guararapes";"SP"
"3418305";"GUARAREMA";"Guararema";"SP"
"3418404";"GUARATINGUETA";"Guaratinguetá";"SP"
"3418503";"GUAREI";"Guareí";"SP"
"3418602";"GUARIBA";"Guariba";"SP"
"3418701";"GUARUJA";"Guarujá";"SP"
"3418800";"GUARULHOS";"Guarulhos";"SP"
"3418859";"GUATAPARA";"Guatapará";"SP"
"3418909";"GUZOLANDIA";"Guzolândia";"SP"
"3419006";"HERCULANDIA";"Herculândia";"SP"
"3419055";"HOLAMBRA";"Holambra";"SP"
"3419071";"HORTOLANDIA";"Hortolândia";"SP"
"3419105";"IACANGA";"Iacanga";"SP"
"3419204";"IACRI";"Iacri";"SP"
"3419253";"IARAS";"Iaras";"SP"
"3419303";"IBATE";"Ibaté";"SP"
"3419402";"IBIRA";"Ibirá";"SP"
"3419501";"IBIRAREMA";"Ibirarema";"SP"
"3419600";"IBITINGA";"Ibitinga";"SP"
"3419709";"IBIUNA";"Ibiúna";"SP"
"3419808";"ICEM";"Icém";"SP"
"3419907";"IEPE";"Iepê";"SP"
"3420004";"IGARACU DO TIETE";"Igaraçu do Tietê";"SP"
"3425607";"JOAO RAMALHO";"João Ramalho";"SP"
"3425706";"JOSE BONIFACIO";"José Bonifácio";"SP"
"3425805";"JULIO MESQUITA";"Júlio Mesquita";"SP"
"3425854";"JUMIRIM";"Jumirim";"SP"
"3425904";"JUNDIAI";"Jundiaí";"SP"
"3426001";"JUNQUEIROPOLIS";"Junqueirópolis";"SP"
"3426100";"JUQUIA";"Juquiá";"SP"
"3426209";"JUQUITIBA";"Juquitiba";"SP"
"3426308";"LAGOINHA";"Lagoinha";"SP"
"3426407";"LARANJAL PAULISTA";"Laranjal Paulista";"SP"
"3426506";"LAVINIA";"Lavínia";"SP"
"3426605";"LAVRINHAS";"Lavrinhas";"SP"
"3426704";"LEME";"Leme";"SP"
"3426803";"LENCOIS PAULISTA";"Lençóis Paulista";"SP"
"3426902";"LIMEIRA";"Limeira";"SP"
"3427009";"LINDOIA";"Lindóia";"SP"
"3427108";"LINS";"Lins";"SP"
"3427207";"LORENA";"Lorena";"SP"
"3427256";"LOURDES";"Lourdes";"SP"
"3427306";"LOUVEIRA";"Louveira";"SP"
"3427405";"LUCELIA";"Lucélia";"SP"
"3427504";"LUCIANOPOLIS";"Lucianópolis";"SP"
"3427603";"LUIS ANTONIO";"Luís Antônio";"SP"
"3427702";"LUIZIANIA";"Luiziânia";"SP"
"3427801";"LUPERCIO";"Lupércio";"SP"
"3427900";"LUTECIA";"Lutécia";"SP"
"3428007";"MACATUBA";"Macatuba";"SP"
"3428106";"MACAUBAL";"Macaubal";"SP"
"3428205";"MACEDONIA";"Macedônia";"SP"
"3428304";"MAGDA";"Magda";"SP"
"3428403";"MAIRINQUE";"Mairinque";"SP"
"3428502";"MAIRIPORA";"Mairiporã";"SP"
"3428601";"MANDURI";"Manduri";"SP"
"3428700";"MARABA PAULISTA";"Marabá Paulista";"SP"
"3428809";"MARACAI";"Maracaí";"SP"
"3428858";"MARAPOAMA";"Marapoama";"SP"
"3428908";"MARIAPOLIS";"Mariápolis";"SP"
"3429005";"MARILIA";"Marília";"SP"
"3429104";"MARINOPOLIS";"Marinópolis";"SP"
"3429203";"MARTINOPOLIS";"Martinópolis";"SP"
"3429302";"MATAO";"Matão";"SP"
"3429401";"MAUA";"Mauá";"SP"
"3429500";"MENDONCA";"Mendonça";"SP"
"3429609";"MERIDIANO";"Meridiano";"SP"
"3429658";"MESOPOLIS";"Mesópolis";"SP"
"3429708";"MIGUELOPOLIS";"Miguelópolis";"SP"
"3429807";"MINEIROS DO TIETE";"Mineiros do Tietê";"SP"
"3429906";"MIRACATU";"Miracatu";"SP"
"3430003";"MIRA ESTRELA";"Mira Estrela";"SP"
"3430102";"MIRANDOPOLIS";"Mirandópolis";"SP"
"3430201";"MIRANTE DO PARANAPANEMA";"Mirante do Paranapanema";"SP"
"3430300";"MIRASSOL";"Mirassol";"SP"
"3430409";"MIRASSOLANDIA";"Mirassolândia";"SP"
"3430508";"MOCOCA";"Mococa";"SP"
"3430607";"MOGI DAS CRUZES";"Mogi das Cruzes";"SP"
"3430706";"MOGI GUACU";"Mogi Guaçu";"SP"
"3430805";"MOGI-MIRIM";"Mogi-Mirim";"SP"
"3430904";"MOMBUCA";"Mombuca";"SP"
"3431001";"MONCOES";"Monções";"SP"
"3431100";"MONGAGUA";"Mongaguá";"SP"
"3431209";"MONTE ALEGRE DO SUL";"Monte Alegre do Sul";"SP"
"3431308";"MONTE ALTO";"Monte Alto";"SP"
"3431407";"MONTE APRAZIVEL";"Monte Aprazível";"SP"
"3431506";"MONTE AZUL PAULISTA";"Monte Azul Paulista";"SP"
"3431605";"MONTE CASTELO";"Monte Castelo";"SP"
"3431704";"MONTEIRO LOBATO";"Monteiro Lobato";"SP"
"3431803";"MONTE MOR";"Monte Mor";"SP"
"3431902";"MORRO AGUDO";"Morro Agudo";"SP"
"3432009";"MORUNGABA";"Morungaba";"SP"
"3432058";"MOTUCA";"Motuca";"SP"
"3432108";"MURUTINGA DO SUL";"Murutinga do Sul";"SP"
"3432157";"NANTES";"Nantes";"SP"
"3432207";"NARANDIBA";"Narandiba";"SP"
"3432306";"NATIVIDADE DA SERRA";"Natividade da Serra";"SP"
"3432405";"NAZARE PAULISTA";"Nazaré Paulista";"SP"
"3432504";"NEVES PAULISTA";"Neves Paulista";"SP"
"3432603";"NHANDEARA";"Nhandeara";"SP"
"3432702";"NIPOA";"Nipoã";"SP"
"3432801";"NOVA ALIANCA";"Nova Aliança";"SP"
"3432827";"NOVA CAMPINA";"Nova Campina";"SP"
"3432843";"NOVA CANAA PAULISTA";"Nova Canaã Paulista";"SP"
"3432868";"NOVA CASTILHO";"Nova Castilho";"SP"
"3432900";"NOVA EUROPA";"Nova Europa";"SP"
"3433007";"NOVA GRANADA";"Nova Granada";"SP"
"3433106";"NOVA GUATAPORANGA";"Nova Guataporanga";"SP"
"3433205";"NOVA INDEPENDENCIA";"Nova Independência";"SP"
"3433254";"NOVAIS";"Novais";"SP"
"3433304";"NOVA LUZITANIA";"Nova Luzitânia";"SP"
"3433403";"NOVA ODESSA";"Nova Odessa";"SP"
"3433502";"NOVO HORIZONTE";"Novo Horizonte";"SP"
"3433601";"NUPORANGA";"Nuporanga";"SP"
"3433700";"OCAUCU";"Ocauçu";"SP"
"3433809";"OLEO";"Óleo";"SP"
"3433908";"OLIMPIA";"Olímpia";"SP"
"3434005";"ONDA VERDE";"Onda Verde";"SP"
"3434104";"ORIENTE";"Oriente";"SP"
"3434203";"ORINDIUVA";"Orindiúva";"SP"
"3434302";"ORLANDIA";"Orlândia";"SP"
"3434401";"OSASCO";"Osasco";"SP"
"3434500";"OSCAR BRESSANE";"Oscar Bressane";"SP"
"3434609";"OSVALDO CRUZ";"Osvaldo Cruz";"SP"
"3434708";"OURINHOS";"Ourinhos";"SP"
"3434757";"OUROESTE";"Ouroeste";"SP"
"3434807";"OURO VERDE";"Ouro Verde";"SP"
"3434906";"PACAEMBU";"Pacaembu";"SP"
"3435002";"PALESTINA";"Palestina";"SP"
"3435101";"PALMARES PAULISTA";"Palmares Paulista";"SP"
"3435200";"PALMEIRA D'OESTE";"Palmeira d'Oeste";"SP"
"3435309";"PALMITAL";"Palmital";"SP"
"3435408";"PANORAMA";"Panorama";"SP"
"3435507";"PARAGUACU PAULISTA";"Paraguaçu Paulista";"SP"
"3435606";"PARAIBUNA";"Paraibuna";"SP"
"3435705";"PARAISO";"Paraíso";"SP"
"3435804";"PARANAPANEMA";"Paranapanema";"SP"
"3435903";"PARANAPUA";"Paranapuã";"SP"
"3436000";"PARAPUA";"Parapuã";"SP"
"3436109";"PARDINHO";"Pardinho";"SP"
"3436208";"PARIQUERA-ACU";"Pariquera-Açu";"SP"
"3436257";"PARISI";"Parisi";"SP"
"3436307";"PATROCINIO PAULISTA";"Patrocínio Paulista";"SP"
"3436406";"PAULICEIA";"Paulicéia";"SP"
"3436505";"PAULINIA";"Paulínia";"SP"
"3436570";"PAULISTANIA";"Paulistânia";"SP"
"3436604";"PAULO DE FARIA";"Paulo de Faria";"SP"
"3436703";"PEDERNEIRAS";"Pederneiras";"SP"
"3436802";"PEDRA BELA";"Pedra Bela";"SP"
"3436901";"PEDRANOPOLIS";"Pedranópolis";"SP"
"3437008";"PEDREGULHO";"Pedregulho";"SP"
"3437107";"PEDREIRA";"Pedreira";"SP"
"3437156";"PEDRINHAS PAULISTA";"Pedrinhas Paulista";"SP"
"3437206";"PEDRO DE TOLEDO";"Pedro de Toledo";"SP"
"3437305";"PENAPOLIS";"Penápolis";"SP"
"1504752";"MOJUI DOS CAMPOS";"Mojuí dos Campos";"PA"
"4309126";"GRAMADO DOS LOUREIROS";"Gramado dos Loureiros";"RS"
"4309159";"GRAMADO XAVIER";"Gramado Xavier";"RS"
"4309209";"GRAVATAI";"Gravataí";"RS"
"4309258";"GUABIJU";"Guabiju";"RS"
"4309308";"GUAIBA";"Guaíba";"RS"
"4309407";"GUAPORE";"Guaporé";"RS"
"4309506";"GUARANI DAS MISSOES";"Guarani das Missões";"RS"
"4309555";"HARMONIA";"Harmonia";"RS"
"4309571";"HERVEIRAS";"Herveiras";"RS"
"4309605";"HORIZONTINA";"Horizontina";"RS"
"4309654";"HULHA NEGRA";"Hulha Negra";"RS"
"4309704";"HUMAITA";"Humaitá";"RS"
"4309753";"IBARAMA";"Ibarama";"RS"
"4309803";"IBIACA";"Ibiaçá";"RS"
"4309902";"IBIRAIARAS";"Ibiraiaras";"RS"
"4309951";"IBIRAPUITA";"Ibirapuitã";"RS"
"4310009";"IBIRUBA";"Ibirubá";"RS"
"4310108";"IGREJINHA";"Igrejinha";"RS"
"4310207";"IJUI";"Ijuí";"RS"
"4310306";"ILOPOLIS";"Ilópolis";"RS"
"4310330";"IMBE";"Imbé";"RS"
"4310363";"IMIGRANTE";"Imigrante";"RS"
"4310405";"INDEPENDENCIA";"Independência";"RS"
"4310413";"INHACORA";"Inhacorá";"RS"
"4310439";"IPE";"Ipê";"RS"
"4310462";"IPIRANGA DO SUL";"Ipiranga do Sul";"RS"
"4310504";"IRAI";"Iraí";"RS"
"4310538";"ITAARA";"Itaara";"RS"
"4310553";"ITACURUBI";"Itacurubi";"RS"
"4310579";"ITAPUCA";"Itapuca";"RS"
"4310603";"ITAQUI";"Itaqui";"RS"
"4310652";"ITATI";"Itati";"RS"
"4310702";"ITATIBA DO SUL";"Itatiba do Sul";"RS"
"4310751";"IVORA";"Ivorá";"RS"
"4310801";"IVOTI";"Ivoti";"RS"
"4310850";"JABOTICABA";"Jaboticaba";"RS"
"4310876";"JACUIZINHO";"Jacuizinho";"RS"
"4310900";"JACUTINGA";"Jacutinga";"RS"
"4311007";"JAGUARAO";"Jaguarão";"RS"
"4311106";"JAGUARI";"Jaguari";"RS"
"4311122";"JAQUIRANA";"Jaquirana";"RS"
"4311130";"JARI";"Jari";"RS"
"4311155";"JOIA";"Jóia";"RS"
"4311205";"JULIO DE CASTILHOS";"Júlio de Castilhos";"RS"
"4311239";"LAGOA BONITA DO SUL";"Lagoa Bonita do Sul";"RS"
"4311254";"LAGOAO";"Lagoão";"RS"
"4311270";"LAGOA DOS TRES CANTOS";"Lagoa dos Três Cantos";"RS"
"4311304";"LAGOA VERMELHA";"Lagoa Vermelha";"RS"
"4311403";"LAJEADO";"Lajeado";"RS"
"4311429";"LAJEADO DO BUGRE";"Lajeado do Bugre";"RS"
"4311502";"LAVRAS DO SUL";"Lavras do Sul";"RS"
"4311601";"LIBERATO SALZANO";"Liberato Salzano";"RS"
"4311627";"LINDOLFO COLLOR";"Lindolfo Collor";"RS"
"4311643";"LINHA NOVA";"Linha Nova";"RS"
"4311700";"MACHADINHO";"Machadinho";"RS"
"4311718";"MACAMBARA";"Maçambara";"RS"
"4311734";"MAMPITUBA";"Mampituba";"RS"
"4311759";"MANOEL VIANA";"Manoel Viana";"RS"
"4311775";"MAQUINE";"Maquiné";"RS"
"4311791";"MARATA";"Maratá";"RS"
"4311809";"MARAU";"Marau";"RS"
"4311908";"MARCELINO RAMOS";"Marcelino Ramos";"RS"
"4311981";"MARIANA PIMENTEL";"Mariana Pimentel";"RS"
"4312005";"MARIANO MORO";"Mariano Moro";"RS"
"4312054";"MARQUES DE SOUZA";"Marques de Souza";"RS"
"4312104";"MATA";"Mata";"RS"
"4312138";"MATO CASTELHANO";"Mato Castelhano";"RS"
"4312153";"MATO LEITAO";"Mato Leitão";"RS"
"4312179";"MATO QUEIMADO";"Mato Queimado";"RS"
"4312203";"MAXIMILIANO DE ALMEIDA";"Maximiliano de Almeida";"RS"
"4312252";"MINAS DO LEAO";"Minas do Leão";"RS"
"4312302";"MIRAGUAI";"Miraguaí";"RS"
"4312351";"MONTAURI";"Montauri";"RS"
"4312377";"MONTE ALEGRE DOS CAMPOS";"Monte Alegre dos Campos";"RS"
"4312385";"MONTE BELO DO SUL";"Monte Belo do Sul";"RS"
"4312401";"MONTENEGRO";"Montenegro";"RS"
"4312427";"MORMACO";"Mormaço";"RS"
"4312443";"MORRINHOS DO SUL";"Morrinhos do Sul";"RS"
"4312450";"MORRO REDONDO";"Morro Redondo";"RS"
"4312476";"MORRO REUTER";"Morro Reuter";"RS"
"4312500";"MOSTARDAS";"Mostardas";"RS"
"4312609";"MUCUM";"Muçum";"RS"
"4312617";"MUITOS CAPOES";"Muitos Capões";"RS"
"4312625";"MULITERNO";"Muliterno";"RS"
"4312658";"NAO-ME-TOQUE";"Não-Me-Toque";"RS"
"4312674";"NICOLAU VERGUEIRO";"Nicolau Vergueiro";"RS"
"4312708";"NONOAI";"Nonoai";"RS"
"4312757";"NOVA ALVORADA";"Nova Alvorada";"RS"
"4312807";"NOVA ARACA";"Nova Araçá";"RS"
"4312906";"NOVA BASSANO";"Nova Bassano";"RS"
"4312955";"NOVA BOA VISTA";"Nova Boa Vista";"RS"
"4313003";"NOVA BRESCIA";"Nova Bréscia";"RS"
"4313011";"NOVA CANDELARIA";"Nova Candelária";"RS"
"4313037";"NOVA ESPERANCA DO SUL";"Nova Esperança do Sul";"RS"
"4313060";"NOVA HARTZ";"Nova Hartz";"RS"
"4313086";"NOVA PADUA";"Nova Pádua";"RS"
"4313102";"NOVA PALMA";"Nova Palma";"RS"
"4313201";"NOVA PETROPOLIS";"Nova Petrópolis";"RS"
"4313300";"NOVA PRATA";"Nova Prata";"RS"
"4313334";"NOVA RAMADA";"Nova Ramada";"RS"
"4313359";"NOVA ROMA DO SUL";"Nova Roma do Sul";"RS"
"4313375";"NOVA SANTA RITA";"Nova Santa Rita";"RS"
"4313391";"NOVO CABRAIS";"Novo Cabrais";"RS"
"4313409";"NOVO HAMBURGO";"Novo Hamburgo";"RS"
"4313425";"NOVO MACHADO";"Novo Machado";"RS"
"4313441";"NOVO TIRADENTES";"Novo Tiradentes";"RS"
"4313466";"NOVO XINGU";"Novo Xingu";"RS"
"4313490";"NOVO BARREIRO";"Novo Barreiro";"RS"
"4313508";"OSORIO";"Osório";"RS"
"4313607";"PAIM FILHO";"Paim Filho";"RS"
"4313656";"PALMARES DO SUL";"Palmares do Sul";"RS"
"4313706";"PALMEIRA DAS MISSOES";"Palmeira das Missões";"RS"
"4313805";"PALMITINHO";"Palmitinho";"RS"
"4313904";"PANAMBI";"Panambi";"RS"
"4313953";"PANTANO GRANDE";"Pantano Grande";"RS"
"4314001";"PARAI";"Paraí";"RS"
"4314027";"PARAISO DO SUL";"Paraíso do Sul";"RS"
"4314035";"PARECI NOVO";"Pareci Novo";"RS"
"4314050";"PAROBE";"Parobé";"RS"
"4314068";"PASSA SETE";"Passa Sete";"RS"
"4314076";"PASSO DO SOBRADO";"Passo do Sobrado";"RS"
"4314100";"PASSO FUNDO";"Passo Fundo";"RS"
"4314134";"PAULO BENTO";"Paulo Bento";"RS"
"4314159";"PAVERAMA";"Paverama";"RS"
"4314175";"PEDRAS ALTAS";"Pedras Altas";"RS"
"4314209";"PEDRO OSORIO";"Pedro Osório";"RS"
"4314308";"PEJUCARA";"Pejuçara";"RS"
"4314407";"PELOTAS";"Pelotas";"RS"
"4314423";"PICADA CAFE";"Picada Café";"RS"
"4314456";"PINHAL";"Pinhal";"RS"
